19135 51380 51828 51559 52399 51393 51601 51531 51689 51146 52139 52008 51306 51422 51867 51476 52250 51906 51732 51839 51989 51244 51646 51561 51588 51850 51110 51621 51354 51305 51259 51361 51685 51456 51200 51773 51322 51919 51803 51656 51783 51067 51296 52381 50905 51783 51244 51906 52181 51833 51723 51277 52557 51762 51935 51400 51849 51197 51276 51489 51352 51393 51244 51156 199092 38270 38270 38270 38270 38270 38270 38270 38270 38270 38270 38270 38270 38270 38270 38270 38270 38270 38270 38270 38270 38270 38270 38270 38270 38270 38270 38270 38270 38270 38270 38270 38270 38270 38270 38270 38270 38270 38270 38270 38270 38270 38270 38270 38270 38270 38270 38270 38270 38270 38270 38270 38270 38270 38270 38270 38270 38270 38270 38270 38270 38270 38270 38270 
51380 19135 51454 51806 52466 51830 51860 51462 51876 51326 52243 51485 51628 51707 51632 51832 51409 52149 51790 51482 51797 51559 51575 51749 51649 52072 51433 51680 51192 51350 51388 51330 51579 51601 51484 52271 51448 51549 51827 51196 51801 51574 51505 52028 51690 52198 51267 51829 51555 51841 51271 51415 51975 51996 52204 51230 51653 51675 51343 51631 51677 51501 51358 51358 38270 199789 38270 38270 38270 38270 38270 38270 38270 38270 38270 38270 38270 38270 38270 38270 38270 38270 38270 38270 38270 38270 38270 38270 38270 38270 38270 38270 38270 38270 38270 38270 38270 38270 38270 38270 38270 38270 38270 38270 38270 38270 38270 38270 38270 38270 38270 38270 38270 38270 38270 38270 38270 38270 38270 38270 38270 38270 38270 38270 38270 38270 38270 38270 
51828 51454 19135 51771 52146 51982 51540 51711 51364 51353 51522 52012 51348 51564 52102 51755 51749 51547 51548 51606 51833 51607 51480 51312 51785 52341 51248 51654 51242 51418 51741 51303 51126 51766 51406 51575 50944 51683 52112 51259 51643 51619 51774 52225 51137 52289 51580 52201 52063 51656 51240 51623 52185 51848 52410 50821 51755 51588 51344 51118 51531 51583 51520 51462 38270 38270 199646 38270 38270 38270 38270 38270 38270 38270 38270 38270 38270 38270 38270 38270 38270 38270 38270 38270 38270 38270 38270 38270 38270 38270 38270 38270 38270 38270 38270 38270 38270 38270 38270 38270 38270 38270 38270 38270 38270 38270 38270 38270 38270 38270 38270 38270 38270 38270 38270 38270 38270 38270 38270 38270 38270 38270 38270 38270 38270 38270 38270 38270 
51559 51806 51771 19135 52287 51429 51870 51490 51965 51007 51772 51600 51777 51644 51950 51455 51425 51844 51747 52009 51878 51563 51404 51754 51687 51924 51627 51872 51158 51505 51705 51729 51616 51564 51104 51786 51337 51520 51732 50884 51778 51496 51485 52039 51676 52128 51415 51873 51732 51759 51173 51540 52040 51835 51969 51628 51932 51601 51363 51366 51503 51638 51629 51520 38270 38270 38270 200025 38270 38270 38270 38270 38270 38270 38270 38270 38270 38270 38270 38270 38270 38270 38270 38270 38270 38270 38270 38270 38270 38270 38270 38270 38270 38270 38270 38270 38270 38270 38270 38270 38270 38270 38270 38270 38270 38270 38270 38270 38270 38270 38270 38270 38270 38270 38270 38270 38270 38270 38270 38270 38270 38270 38270 38270 38270 38270 38270 38270 
52399 52466 52146 52287 19135 51902 52423 51435 52263 51188 51931 51991 52003 52146 52043 51847 51900 52638 52480 52065 52250 51843 52277 51457 52513 52656 52052 51779 51858 51536 51793 51878 51958 51927 51888 52365 51787 52325 52749 51571 52345 51726 51816 52085 51533 52237 51445 52169 52061 52040 52137 51402 52561 52209 52799 51401 52062 52036 51492 51865 51983 52010 51970 52086 38270 38270 38270 38270 205799 38270 38270 38270 38270 38270 38270 38270 38270 38270 38270 38270 38270 38270 38270 38270 38270 38270 38270 38270 38270 38270 38270 38270 38270 38270 38270 38270 38270 38270 38270 38270 38270 38270 38270 38270 38270 38270 38270 38270 38270 38270 38270 38270 38270 38270 38270 38270 38270 38270 38270 38270 38270 38270 38270 38270 38270 38270 38270 38270 
51393 51830 51982 51429 51902 19135 51477 51011 51554 50804 51639 51405 51230 51473 51630 51274 51132 51647 51435 51244 51303 51324 51351 51209 51804 52188 51859 51348 51047 51326 51412 51220 51546 51464 51104 51704 51007 51419 51872 50729 51738 50924 51188 51990 51299 51831 51309 51566 52044 51506 51621 51088 52681 51331 51679 50848 51949 51610 50979 51355 51021 52112 51463 51579 38270 38270 38270 38270 38270 187885 38270 38270 38270 38270 38270 38270 38270 38270 38270 38270 38270 38270 38270 38270 38270 38270 38270 38270 38270 38270 38270 38270 38270 38270 38270 38270 38270 38270 38270 38270 38270 38270 38270 38270 38270 38270 38270 38270 38270 38270 38270 38270 38270 38270 38270 38270 38270 38270 38270 38270 38270 38270 38270 38270 38270 38270 38270 38270 
51601 51860 51540 51870 52423 51477 19135 51345 51800 50969 51410 51054 51207 51169 51809 51627 51541 51218 51602 51280 51905 51472 51912 51521 51664 52132 51267 51901 51192 51687 51567 51579 51143 51240 51596 51944 51142 51327 51553 50932 51704 51252 51147 51707 51524 51675 51493 51560 52411 51877 51051 51043 51667 51640 52091 51368 51527 50864 50938 51425 51761 51389 51371 51589 38270 38270 38270 38270 38270 38270 189651 38270 38270 38270 38270 38270 38270 38270 38270 38270 38270 38270 38270 38270 38270 38270 38270 38270 38270 38270 38270 38270 38270 38270 38270 38270 38270 38270 38270 38270 38270 38270 38270 38270 38270 38270 38270 38270 38270 38270 38270 38270 38270 38270 38270 38270 38270 38270 38270 38270 38270 38270 38270 38270 38270 38270 38270 38270 
51531 51462 51711 51490 51435 51011 51345 19135 51121 50630 51060 51104 51793 51011 50978 50827 50827 51101 51197 50960 50990 51041 50804 51532 50741 51574 51365 50818 51372 51303 51117 51281 50943 50848 51027 51471 51093 51039 51550 50550 51225 50871 50785 51215 50891 51110 50622 51046 51294 51669 51087 51165 51546 51821 51439 51101 51495 51124 50764 51275 50870 51820 50874 51096 38270 38270 38270 38270 38270 38270 38270 178168 38270 38270 38270 38270 38270 38270 38270 38270 38270 38270 38270 38270 38270 38270 38270 38270 38270 38270 38270 38270 38270 38270 38270 38270 38270 38270 38270 38270 38270 38270 38270 38270 38270 38270 38270 38270 38270 38270 38270 38270 38270 38270 38270 38270 38270 38270 38270 38270 38270 38270 38270 38270 38270 38270 38270 38270 
51689 51876 51364 51965 52263 51554 51800 51121 19135 51064 51736 51535 51846 51334 51664 51405 51405 51592 51626 51403 51610 51411 51594 51222 51299 51843 51620 51419 51514 51547 51545 51260 51538 51530 51881 51650 51140 51147 51822 51487 51329 51027 51291 52020 51635 51662 50977 51718 52213 51932 51309 51292 51768 51606 51628 51381 51647 51439 51411 51186 51130 51784 51096 51430 38270 38270 38270 38270 38270 38270 38270 38270 191796 38270 38270 38270 38270 38270 38270 38270 38270 38270 38270 38270 38270 38270 38270 38270 38270 38270 38270 38270 38270 38270 38270 38270 38270 38270 38270 38270 38270 38270 38270 38270 38270 38270 38270 38270 38270 38270 38270 38270 38270 38270 38270 38270 38270 38270 38270 38270 38270 38270 38270 38270 38270 38270 38270 38270 
51146 51326 51353 51007 51188 50804 50969 50630 51064 19135 50849 50935 51144 51348 51583 51073 50966 50735 50901 50709 50939 50975 51396 50913 51465 51696 51344 50563 50813 51629 50807 50957 50976 51308 50782 50895 50576 51145 51493 50524 50978 50752 50807 51654 51126 51324 50538 51249 51264 51189 50989 51365 51222 51121 51392 50784 51322 50764 51021 50904 50675 51187 51258 50791 38270 38270 38270 38270 38270 38270 38270 38270 38270 174274 38270 38270 38270 38270 38270 38270 38270 38270 38270 38270 38270 38270 38270 38270 38270 38270 38270 38270 38270 38270 38270 38270 38270 38270 38270 38270 38270 38270 38270 38270 38270 38270 38270 38270 38270 38270 38270 38270 38270 38270 38270 38270 38270 38270 38270 38270 38270 38270 38270 38270 38270 38270 38270 38270 
52139 52243 51522 51772 51931 51639 51410 51060 51736 50849 19135 51079 50986 51457 51186 51460 51274 51499 51758 51516 51798 51397 51294 51139 51710 52240 51734 51149 51227 51535 51379 51518 51348 51122 51671 52097 50812 51366 51246 50812 51372 51673 51675 51615 51259 51665 51101 51699 51190 51858 51350 51375 51958 51705 51433 51112 51623 51169 50795 51049 51288 51618 51158 51121 38270 38270 38270 38270 38270 38270 38270 38270 38270 38270 190731 38270 38270 38270 38270 38270 38270 38270 38270 38270 38270 38270 38270 38270 38270 38270 38270 38270 38270 38270 38270 38270 38270 38270 38270 38270 38270 38270 38270 38270 38270 38270 38270 38270 38270 38270 38270 38270 38270 38270 38270 38270 38270 38270 38270 38270 38270 38270 38270 38270 38270 38270 38270 38270 
52008 51485 52012 51600 51991 51405 51054 51104 51535 50935 51079 19135 51086 51950 51299 50952 51160 51650 51541 51610 51189 51232 51237 51480 51247 52250 50926 51409 51085 50917 51724 51331 51055 51168 51439 51202 51519 51558 51180 50704 51762 51259 51321 51794 51045 51774 51493 51737 51202 51075 51149 51082 51711 52177 51778 50931 51409 51024 51209 51381 51384 51019 51473 51321 38270 38270 38270 38270 38270 38270 38270 38270 38270 38270 38270 186611 38270 38270 38270 38270 38270 38270 38270 38270 38270 38270 38270 38270 38270 38270 38270 38270 38270 38270 38270 38270 38270 38270 38270 38270 38270 38270 38270 38270 38270 38270 38270 38270 38270 38270 38270 38270 38270 38270 38270 38270 38270 38270 38270 38270 38270 38270 38270 38270 38270 38270 38270 38270 
51306 51628 51348 51777 52003 51230 51207 51793 51846 51144 50986 51086 19135 51571 51636 50932 51489 51206 52476 51139 51997 51165 51357 51236 51595 52429 51279 51341 51061 51759 51029 51476 51189 51347 51583 51556 51190 51500 52122 50982 51314 51062 51396 51769 52127 52661 51827 51550 52026 51039 51511 51062 52095 52120 51636 51344 51307 51169 51461 51030 51546 51510 51090 51996 38270 38270 38270 38270 38270 38270 38270 38270 38270 38270 38270 38270 190618 38270 38270 38270 38270 38270 38270 38270 38270 38270 38270 38270 38270 38270 38270 38270 38270 38270 38270 38270 38270 38270 38270 38270 38270 38270 38270 38270 38270 38270 38270 38270 38270 38270 38270 38270 38270 38270 38270 38270 38270 38270 38270 38270 38270 38270 38270 38270 38270 38270 38270 38270 
51422 51707 51564 51644 52146 51473 51169 51011 51334 51348 51457 51950 51571 19135 51216 51374 50922 51309 51314 51076 51307 51141 51122 51094 51554 52076 51109 51583 51205 51343 51602 50816 50775 50833 50760 51124 51029 51352 51603 51130 51067 51558 51360 51514 51008 51536 51488 51553 51376 51245 50727 51690 51688 52039 51980 51023 51399 50966 51293 51387 51109 51584 51173 51055 38270 38270 38270 38270 38270 38270 38270 38270 38270 38270 38270 38270 38270 184733 38270 38270 38270 38270 38270 38270 38270 38270 38270 38270 38270 38270 38270 38270 38270 38270 38270 38270 38270 38270 38270 38270 38270 38270 38270 38270 38270 38270 38270 38270 38270 38270 38270 38270 38270 38270 38270 38270 38270 38270 38270 38270 38270 38270 38270 38270 38270 38270 38270 38270 
51867 51632 52102 51950 52043 51630 51809 50978 51664 51583 51186 51299 51636 51216 19135 51300 51788 51576 51006 51621 51858 51441 51484 51548 51767 52340 51388 52201 51408 51333 51301 51282 51582 51218 51499 51557 51144 52062 51918 51383 52122 51386 51754 51929 51313 51971 51684 51653 51653 51699 51369 51496 52147 51787 51868 51511 51795 51813 51083 51453 51758 52203 51426 51367 38270 38270 38270 38270 38270 38270 38270 38270 38270 38270 38270 38270 38270 38270 194667 38270 38270 38270 38270 38270 38270 38270 38270 38270 38270 38270 38270 38270 38270 38270 38270 38270 38270 38270 38270 38270 38270 38270 38270 38270 38270 38270 38270 38270 38270 38270 38270 38270 38270 38270 38270 38270 38270 38270 38270 38270 38270 38270 38270 38270 38270 38270 38270 38270 
51476 51832 51755 51455 51847 51274 51627 50827 51405 51073 51460 50952 50932 51374 51300 19135 51057 51315 51070 51215 51310 51197 51656 51204 51127 52282 51134 51113 50994 50926 51259 50938 51182 51056 51234 51325 50634 51142 51332 50542 51312 51108 51484 52088 50632 51474 51080 51530 51095 51633 51299 50841 51880 51613 51662 51113 51907 51502 50626 50837 51178 51407 51722 51241 38270 38270 38270 38270 38270 38270 38270 38270 38270 38270 38270 38270 38270 38270 38270 185727 38270 38270 38270 38270 38270 38270 38270 38270 38270 38270 38270 38270 38270 38270 38270 38270 38270 38270 38270 38270 38270 38270 38270 38270 38270 38270 38270 38270 38270 38270 38270 38270 38270 38270 38270 38270 38270 38270 38270 38270 38270 38270 38270 38270 38270 38270 38270 38270 
52250 51409 51749 51425 51900 51132 51541 50827 51405 50966 51274 51160 51489 50922 51788 51057 19135 51508 51467 51124 51773 51099 51543 51407 51321 51633 51328 51245 51613 51179 51550 51057 51074 51569 51203 52066 50817 51223 51750 51179 51430 50789 51655 51987 51532 52000 51051 51415 51491 51857 51179 51288 51967 51524 51359 50961 52006 51309 50725 51435 51353 51689 51302 51164 38270 38270 38270 38270 38270 38270 38270 38270 38270 38270 38270 38270 38270 38270 38270 38270 189997 38270 38270 38270 38270 38270 38270 38270 38270 38270 38270 38270 38270 38270 38270 38270 38270 38270 38270 38270 38270 38270 38270 38270 38270 38270 38270 38270 38270 38270 38270 38270 38270 38270 38270 38270 38270 38270 38270 38270 38270 38270 38270 38270 38270 38270 38270 38270 
51906 52149 51547 51844 52638 51647 51218 51101 51592 50735 51499 51650 51206 51309 51576 51315 51508 19135 52028 51370 51264 51589 51259 51467 51361 52150 51071 51182 51013 51513 51348 51004 51206 51256 51219 51493 50687 51243 51613 51283 51628 51519 50970 52287 51671 52045 51140 51491 51946 51755 51195 50875 52104 51732 51737 50900 51491 51405 50925 51805 51347 51626 51379 51475 38270 38270 38270 38270 38270 38270 38270 38270 38270 38270 38270 38270 38270 38270 38270 38270 38270 191546 38270 38270 38270 38270 38270 38270 38270 38270 38270 38270 38270 38270 38270 38270 38270 38270 38270 38270 38270 38270 38270 38270 38270 38270 38270 38270 38270 38270 38270 38270 38270 38270 38270 38270 38270 38270 38270 38270 38270 38270 38270 38270 38270 38270 38270 38270 
51732 51790 51548 51747 52480 51435 51602 51197 51626 50901 51758 51541 52476 51314 51006 51070 51467 52028 19135 51258 51370 51200 51357 51224 51476 51782 51651 51303 51112 51133 51093 51206 51246 51421 51380 51588 51073 51779 51880 51391 51292 51334 51326 52318 50660 51798 51345 51451 51635 51771 51520 51679 51647 51972 51711 50910 51523 51291 51056 51703 51102 51305 51134 51429 38270 38270 38270 38270 38270 38270 38270 38270 38270 38270 38270 38270 38270 38270 38270 38270 38270 38270 189772 38270 38270 38270 38270 38270 38270 38270 38270 38270 38270 38270 38270 38270 38270 38270 38270 38270 38270 38270 38270 38270 38270 38270 38270 38270 38270 38270 38270 38270 38270 38270 38270 38270 38270 38270 38270 38270 38270 38270 38270 38270 38270 38270 38270 38270 
51839 51482 51606 52009 52065 51244 51280 50960 51403 50709 51516 51610 51139 51076 51621 51215 51124 51370 51258 19135 51056 51051 51524 51122 51362 51695 51094 51177 51467 51277 51179 51494 51300 50891 50949 51349 51147 51702 51572 50747 51054 50935 51128 51841 51151 51799 51271 51551 51641 51221 51006 51261 51762 51725 51636 51408 51631 51015 50747 51200 51194 51451 51292 51002 38270 38270 38270 38270 38270 38270 38270 38270 38270 38270 38270 38270 38270 38270 38270 38270 38270 38270 38270 184913 38270 38270 38270 38270 38270 38270 38270 38270 38270 38270 38270 38270 38270 38270 38270 38270 38270 38270 38270 38270 38270 38270 38270 38270 38270 38270 38270 38270 38270 38270 38270 38270 38270 38270 38270 38270 38270 38270 38270 38270 38270 38270 38270 38270 
51989 51797 51833 51878 52250 51303 51905 50990 51610 50939 51798 51189 51997 51307 51858 51310 51773 51264 51370 51056 19135 51484 51389 51281 51647 51971 51656 51726 51094 51546 51224 51008 51336 51196 51369 51378 51223 51487 51378 51446 51410 51353 51125 51572 51694 51611 51526 51666 51613 51830 51378 51033 52121 51158 51953 51136 51303 51440 51526 51483 51416 52196 51702 51045 38270 38270 38270 38270 38270 38270 38270 38270 38270 38270 38270 38270 38270 38270 38270 38270 38270 38270 38270 38270 192233 38270 38270 38270 38270 38270 38270 38270 38270 38270 38270 38270 38270 38270 38270 38270 38270 38270 38270 38270 38270 38270 38270 38270 38270 38270 38270 38270 38270 38270 38270 38270 38270 38270 38270 38270 38270 38270 38270 38270 38270 38270 38270 38270 
51244 51559 51607 51563 51843 51324 51472 51041 51411 50975 51397 51232 51165 51141 51441 51197 51099 51589 51200 51051 51484 19135 51985 51295 51461 51932 50974 51436 50779 51489 51267 50936 50586 51399 51003 51056 51186 51555 51285 50490 51054 51244 51275 51551 50958 51488 51464 51968 51665 50999 51251 51005 51365 51700 51769 50904 51417 51107 51199 51495 51328 51330 51770 51259 38270 38270 38270 38270 38270 38270 38270 38270 38270 38270 38270 38270 38270 38270 38270 38270 38270 38270 38270 38270 38270 184514 38270 38270 38270 38270 38270 38270 38270 38270 38270 38270 38270 38270 38270 38270 38270 38270 38270 38270 38270 38270 38270 38270 38270 38270 38270 38270 38270 38270 38270 38270 38270 38270 38270 38270 38270 38270 38270 38270 38270 38270 38270 38270 
51646 51575 51480 51404 52277 51351 51912 50804 51594 51396 51294 51237 51357 51122 51484 51656 51543 51259 51357 51524 51389 51985 19135 51160 51446 51841 51950 51293 51326 51225 51350 51025 51435 51714 51722 51408 51327 51657 51715 51193 51300 51283 51768 51678 51306 51585 51271 51646 51776 51365 51429 50986 52240 51919 52043 51137 52191 51150 51076 51071 51257 51846 51143 51138 38270 38270 38270 38270 38270 38270 38270 38270 38270 38270 38270 38270 38270 38270 38270 38270 38270 38270 38270 38270 38270 38270 192427 38270 38270 38270 38270 38270 38270 38270 38270 38270 38270 38270 38270 38270 38270 38270 38270 38270 38270 38270 38270 38270 38270 38270 38270 38270 38270 38270 38270 38270 38270 38270 38270 38270 38270 38270 38270 38270 38270 38270 38270 38270 
51561 51749 51312 51754 51457 51209 51521 51532 51222 50913 51139 51480 51236 51094 51548 51204 51407 51467 51224 51122 51281 51295 51160 19135 51308 52323 51289 51541 50983 50938 51141 51475 51055 51280 51287 51231 51143 51719 51239 50765 51476 51232 51524 52127 51378 51491 51552 51555 51354 51353 50953 51244 51586 51472 52042 50999 51594 51533 51370 51379 51260 51438 51674 51375 38270 38270 38270 38270 38270 38270 38270 38270 38270 38270 38270 38270 38270 38270 38270 38270 38270 38270 38270 38270 38270 38270 38270 187370 38270 38270 38270 38270 38270 38270 38270 38270 38270 38270 38270 38270 38270 38270 38270 38270 38270 38270 38270 38270 38270 38270 38270 38270 38270 38270 38270 38270 38270 38270 38270 38270 38270 38270 38270 38270 38270 38270 38270 38270 
51588 51649 51785 51687 52513 51804 51664 50741 51299 51465 51710 51247 51595 51554 51767 51127 51321 51361 51476 51362 51647 51461 51446 51308 19135 51715 51426 51209 51288 51243 51271 51093 51261 50760 51572 51792 51487 51095 51332 51105 51132 51563 51813 51760 51274 51465 51104 51972 51926 51192 51572 51254 52147 51375 51904 50905 51421 51276 51292 51053 51435 51583 51377 51217 38270 38270 38270 38270 38270 38270 38270 38270 38270 38270 38270 38270 38270 38270 38270 38270 38270 38270 38270 38270 38270 38270 38270 38270 191061 38270 38270 38270 38270 38270 38270 38270 38270 38270 38270 38270 38270 38270 38270 38270 38270 38270 38270 38270 38270 38270 38270 38270 38270 38270 38270 38270 38270 38270 38270 38270 38270 38270 38270 38270 38270 38270 38270 38270 
51850 52072 52341 51924 52656 52188 52132 51574 51843 51696 52240 52250 52429 52076 52340 52282 51633 52150 51782 51695 51971 51932 51841 52323 51715 19135 51667 51663 51467 51848 51341 51655 51977 52099 52000 51648 51295 51390 52091 51745 52047 51871 51722 52222 51552 52274 51681 52040 52065 51705 51517 51258 51933 52170 52237 51188 51718 52127 51779 51696 52059 52539 51825 51832 38270 38270 38270 38270 38270 38270 38270 38270 38270 38270 38270 38270 38270 38270 38270 38270 38270 38270 38270 38270 38270 38270 38270 38270 38270 219212 38270 38270 38270 38270 38270 38270 38270 38270 38270 38270 38270 38270 38270 38270 38270 38270 38270 38270 38270 38270 38270 38270 38270 38270 38270 38270 38270 38270 38270 38270 38270 38270 38270 38270 38270 38270 38270 38270 
51110 51433 51248 51627 52052 51859 51267 51365 51620 51344 51734 50926 51279 51109 51388 51134 51328 51071 51651 51094 51656 50974 51950 51289 51426 51667 19135 51002 51049 50942 51281 51047 51193 50825 51361 51933 51307 51183 51289 51523 51156 51152 51153 51832 50758 51465 51031 51158 51773 51972 51154 51040 52024 51654 52138 50919 51284 51164 50850 51348 51627 51763 51964 51260 38270 38270 38270 38270 38270 38270 38270 38270 38270 38270 38270 38270 38270 38270 38270 38270 38270 38270 38270 38270 38270 38270 38270 38270 38270 38270 188083 38270 38270 38270 38270 38270 38270 38270 38270 38270 38270 38270 38270 38270 38270 38270 38270 38270 38270 38270 38270 38270 38270 38270 38270 38270 38270 38270 38270 38270 38270 38270 38270 38270 38270 38270 38270 38270 
51621 51680 51654 51872 51779 51348 51901 50818 51419 50563 51149 51409 51341 51583 52201 51113 51245 51182 51303 51177 51726 51436 51293 51541 51209 51663 51002 19135 51217 51412 51255 50894 51432 51086 51528 51682 51504 51052 51468 51297 51112 51314 51254 51718 51206 51775 51457 51470 51791 51216 51215 50881 51636 51466 51666 50995 51955 51325 50796 51240 51125 51388 51505 51496 38270 38270 38270 38270 38270 38270 38270 38270 38270 38270 38270 38270 38270 38270 38270 38270 38270 38270 38270 38270 38270 38270 38270 38270 38270 38270 38270 190619 38270 38270 38270 38270 38270 38270 38270 38270 38270 38270 38270 38270 38270 38270 38270 38270 38270 38270 38270 38270 38270 38270 38270 38270 38270 38270 38270 38270 38270 38270 38270 38270 38270 38270 38270 38270 
51354 51192 51242 51158 51858 51047 51192 51372 51514 50813 51227 51085 51061 51205 51408 50994 51613 51013 51112 51467 51094 50779 51326 50983 51288 51467 51049 51217 19135 50735 51204 50945 51225 50778 50914 51411 51285 51447 51562 50806 51228 50980 50944 51457 51115 51360 50951 51629 51494 50714 51068 51353 51784 51651 51169 50737 51525 51363 51531 51016 51173 50902 51290 51196 38270 38270 38270 38270 38270 38270 38270 38270 38270 38270 38270 38270 38270 38270 38270 38270 38270 38270 38270 38270 38270 38270 38270 38270 38270 38270 38270 38270 184175 38270 38270 38270 38270 38270 38270 38270 38270 38270 38270 38270 38270 38270 38270 38270 38270 38270 38270 38270 38270 38270 38270 38270 38270 38270 38270 38270 38270 38270 38270 38270 38270 38270 38270 38270 
51305 51350 51418 51505 51536 51326 51687 51303 51547 51629 51535 50917 51759 51343 51333 50926 51179 51513 51133 51277 51546 51489 51225 50938 51243 51848 50942 51412 50735 19135 50831 50965 51115 50954 50968 51070 50953 51193 51386 51327 51534 51023 50965 51302 51391 51545 51430 51587 51448 51407 51031 50956 51052 51109 51913 50730 51098 51255 51198 50997 51516 51517 51246 51260 38270 38270 38270 38270 38270 38270 38270 38270 38270 38270 38270 38270 38270 38270 38270 38270 38270 38270 38270 38270 38270 38270 38270 38270 38270 38270 38270 38270 38270 184724 38270 38270 38270 38270 38270 38270 38270 38270 38270 38270 38270 38270 38270 38270 38270 38270 38270 38270 38270 38270 38270 38270 38270 38270 38270 38270 38270 38270 38270 38270 38270 38270 38270 38270 
51259 51388 51741 51705 51793 51412 51567 51117 51545 50807 51379 51724 51029 51602 51301 51259 51550 51348 51093 51179 51224 51267 51350 51141 51271 51341 51281 51255 51204 50831 19135 51179 51081 51696 50951 50931 50993 51489 51691 51174 51217 51180 51431 51976 51329 52058 51292 51524 51446 51589 51517 50894 51700 51852 51733 50964 51743 50960 50945 51017 51301 51526 51163 51148 38270 38270 38270 38270 38270 38270 38270 38270 38270 38270 38270 38270 38270 38270 38270 38270 38270 38270 38270 38270 38270 38270 38270 38270 38270 38270 38270 38270 38270 38270 188388 38270 38270 38270 38270 38270 38270 38270 38270 38270 38270 38270 38270 38270 38270 38270 38270 38270 38270 38270 38270 38270 38270 38270 38270 38270 38270 38270 38270 38270 38270 38270 38270 38270 
51361 51330 51303 51729 51878 51220 51579 51281 51260 50957 51518 51331 51476 50816 51282 50938 51057 51004 51206 51494 51008 50936 51025 51475 51093 51655 51047 50894 50945 50965 51179 19135 51171 51009 50767 51104 51547 51361 51265 50722 51423 51302 51188 51071 50988 51853 51069 51424 51077 50921 50897 51039 51644 51383 51505 50713 51269 51293 51262 51033 51030 51134 51291 50941 38270 38270 38270 38270 38270 38270 38270 38270 38270 38270 38270 38270 38270 38270 38270 38270 38270 38270 38270 38270 38270 38270 38270 38270 38270 38270 38270 38270 38270 38270 38270 184753 38270 38270 38270 38270 38270 38270 38270 38270 38270 38270 38270 38270 38270 38270 38270 38270 38270 38270 38270 38270 38270 38270 38270 38270 38270 38270 38270 38270 38270 38270 38270 38270 
51685 51579 51126 51616 51958 51546 51143 50943 51538 50976 51348 51055 51189 50775 51582 51182 51074 51206 51246 51300 51336 50586 51435 51055 51261 51977 51193 51432 51225 51115 51081 51171 19135 50997 50566 51079 50824 51019 51595 50751 51220 51117 51322 51598 51053 51438 51226 51518 51196 51235 50806 51067 51708 51421 51269 51444 51498 51044 51222 50887 50851 51388 51331 51123 38270 38270 38270 38270 38270 38270 38270 38270 38270 38270 38270 38270 38270 38270 38270 38270 38270 38270 38270 38270 38270 38270 38270 38270 38270 38270 38270 38270 38270 38270 38270 38270 184431 38270 38270 38270 38270 38270 38270 38270 38270 38270 38270 38270 38270 38270 38270 38270 38270 38270 38270 38270 38270 38270 38270 38270 38270 38270 38270 38270 38270 38270 38270 38270 
51456 51601 51766 51564 51927 51464 51240 50848 51530 51308 51122 51168 51347 50833 51218 51056 51569 51256 51421 50891 51196 51399 51714 51280 50760 52099 50825 51086 50778 50954 51696 51009 50997 19135 50792 51517 50803 51359 51149 51382 51339 51462 51545 51433 51074 51562 51106 51694 51843 51268 51411 51024 51387 51428 51353 51046 51227 51344 50833 50902 51152 50943 51390 51085 38270 38270 38270 38270 38270 38270 38270 38270 38270 38270 38270 38270 38270 38270 38270 38270 38270 38270 38270 38270 38270 38270 38270 38270 38270 38270 38270 38270 38270 38270 38270 38270 38270 182066 38270 38270 38270 38270 38270 38270 38270 38270 38270 38270 38270 38270 38270 38270 38270 38270 38270 38270 38270 38270 38270 38270 38270 38270 38270 38270 38270 38270 38270 38270 
51200 51484 51406 51104 51888 51104 51596 51027 51881 50782 51671 51439 51583 50760 51499 51234 51203 51219 51380 50949 51369 51003 51722 51287 51572 52000 51361 51528 50914 50968 50951 50767 50566 50792 19135 52155 50876 51261 51547 50854 51349 51208 51135 51466 50957 52155 50982 51181 51195 51552 51206 51190 51124 52152 51612 51528 51527 51386 51007 51428 51362 51186 51050 50889 38270 38270 38270 38270 38270 38270 38270 38270 38270 38270 38270 38270 38270 38270 38270 38270 38270 38270 38270 38270 38270 38270 38270 38270 38270 38270 38270 38270 38270 38270 38270 38270 38270 38270 183631 38270 38270 38270 38270 38270 38270 38270 38270 38270 38270 38270 38270 38270 38270 38270 38270 38270 38270 38270 38270 38270 38270 38270 38270 38270 38270 38270 38270 38270 
51773 52271 51575 51786 52365 51704 51944 51471 51650 50895 52097 51202 51556 51124 51557 51325 52066 51493 51588 51349 51378 51056 51408 51231 51792 51648 51933 51682 51411 51070 50931 51104 51079 51517 52155 19135 51012 51200 51575 50946 51218 51243 51641 52012 51582 52221 51511 51969 51775 51613 51300 51460 51911 51840 52232 50948 51735 51829 51343 51762 51316 51968 51698 51788 38270 38270 38270 38270 38270 38270 38270 38270 38270 38270 38270 38270 38270 38270 38270 38270 38270 38270 38270 38270 38270 38270 38270 38270 38270 38270 38270 38270 38270 38270 38270 38270 38270 38270 38270 192593 38270 38270 38270 38270 38270 38270 38270 38270 38270 38270 38270 38270 38270 38270 38270 38270 38270 38270 38270 38270 38270 38270 38270 38270 38270 38270 38270 38270 
51322 51448 50944 51337 51787 51007 51142 51093 51140 50576 50812 51519 51190 51029 51144 50634 50817 50687 51073 51147 51223 51186 51327 51143 51487 51295 51307 51504 51285 50953 50993 51547 50824 50803 50876 51012 19135 50811 51390 50525 51155 51076 50432 51544 51072 50838 50935 50984 50927 50621 50685 51105 51419 50908 51168 50558 50770 50706 51000 50962 51499 50923 50797 51486 38270 38270 38270 38270 38270 38270 38270 38270 38270 38270 38270 38270 38270 38270 38270 38270 38270 38270 38270 38270 38270 38270 38270 38270 38270 38270 38270 38270 38270 38270 38270 38270 38270 38270 38270 38270 176768 38270 38270 38270 38270 38270 38270 38270 38270 38270 38270 38270 38270 38270 38270 38270 38270 38270 38270 38270 38270 38270 38270 38270 38270 38270 38270 38270 
51919 51549 51683 51520 52325 51419 51327 51039 51147 51145 51366 51558 51500 51352 52062 51142 51223 51243 51779 51702 51487 51555 51657 51719 51095 51390 51183 51052 51447 51193 51489 51361 51019 51359 51261 51200 50811 19135 51502 50825 51051 51135 51383 51643 50726 51669 51400 51852 51842 50839 51351 51156 51579 51774 52001 51004 51470 51642 50860 51103 51831 51581 50877 51132 38270 38270 38270 38270 38270 38270 38270 38270 38270 38270 38270 38270 38270 38270 38270 38270 38270 38270 38270 38270 38270 38270 38270 38270 38270 38270 38270 38270 38270 38270 38270 38270 38270 38270 38270 38270 38270 190633 38270 38270 38270 38270 38270 38270 38270 38270 38270 38270 38270 38270 38270 38270 38270 38270 38270 38270 38270 38270 38270 38270 38270 38270 38270 38270 
51803 51827 52112 51732 52749 51872 51553 51550 51822 51493 51246 51180 52122 51603 51918 51332 51750 51613 51880 51572 51378 51285 51715 51239 51332 52091 51289 51468 51562 51386 51691 51265 51595 51149 51547 51575 51390 51502 19135 50921 51913 51556 51169 52351 51290 52238 51417 52164 52122 51630 51374 51064 52080 52014 51714 51265 51817 51888 51256 51591 52225 51903 52430 50971 38270 38270 38270 38270 38270 38270 38270 38270 38270 38270 38270 38270 38270 38270 38270 38270 38270 38270 38270 38270 38270 38270 38270 38270 38270 38270 38270 38270 38270 38270 38270 38270 38270 38270 38270 38270 38270 38270 204634 38270 38270 38270 38270 38270 38270 38270 38270 38270 38270 38270 38270 38270 38270 38270 38270 38270 38270 38270 38270 38270 38270 38270 38270 38270 
51656 51196 51259 50884 51571 50729 50932 50550 51487 50524 50812 50704 50982 51130 51383 50542 51179 51283 51391 50747 51446 50490 51193 50765 51105 51745 51523 51297 50806 51327 51174 50722 50751 51382 50854 50946 50525 50825 50921 19135 50772 51679 50554 51188 50759 51505 51070 51375 51158 50823 51335 50874 51201 51720 50985 50809 51328 50830 50884 50987 50941 51279 50757 50639 38270 38270 38270 38270 38270 38270 38270 38270 38270 38270 38270 38270 38270 38270 38270 38270 38270 38270 38270 38270 38270 38270 38270 38270 38270 38270 38270 38270 38270 38270 38270 38270 38270 38270 38270 38270 38270 38270 38270 185833 38270 38270 38270 38270 38270 38270 38270 38270 38270 38270 38270 38270 38270 38270 38270 38270 38270 38270 38270 38270 38270 38270 38270 38270 
51783 51801 51643 51778 52345 51738 51704 51225 51329 50978 51372 51762 51314 51067 52122 51312 51430 51628 51292 51054 51410 51054 51300 51476 51132 52047 51156 51112 51228 51534 51217 51423 51220 51339 51349 51218 51155 51051 51913 50772 19135 51215 51097 51700 51117 51313 51286 51673 51955 51576 51430 50928 51733 51952 51605 50834 51692 51477 51305 50968 50985 51693 51143 51209 38270 38270 38270 38270 38270 38270 38270 38270 38270 38270 38270 38270 38270 38270 38270 38270 38270 38270 38270 38270 38270 38270 38270 38270 38270 38270 38270 38270 38270 38270 38270 38270 38270 38270 38270 38270 38270 38270 38270 38270 199803 38270 38270 38270 38270 38270 38270 38270 38270 38270 38270 38270 38270 38270 38270 38270 38270 38270 38270 38270 38270 38270 38270 38270 
51067 51574 51619 51496 51726 50924 51252 50871 51027 50752 51673 51259 51062 51558 51386 51108 50789 51519 51334 50935 51353 51244 51283 51232 51563 51871 51152 51314 50980 51023 51180 51302 51117 51462 51208 51243 51076 51135 51556 51679 51215 19135 51008 51663 51201 51827 50983 51526 51111 51014 51550 51460 51740 51816 51715 51528 51577 50910 50846 51130 51797 51497 51109 50972 38270 38270 38270 38270 38270 38270 38270 38270 38270 38270 38270 38270 38270 38270 38270 38270 38270 38270 38270 38270 38270 38270 38270 38270 38270 38270 38270 38270 38270 38270 38270 38270 38270 38270 38270 38270 38270 38270 38270 38270 38270 195471 38270 38270 38270 38270 38270 38270 38270 38270 38270 38270 38270 38270 38270 38270 38270 38270 38270 38270 38270 38270 38270 38270 
51296 51505 51774 51485 51816 51188 51147 50785 51291 50807 51675 51321 51396 51360 51754 51484 51655 50970 51326 51128 51125 51275 51768 51524 51813 51722 51153 51254 50944 50965 51431 51188 51322 51545 51135 51641 50432 51383 51169 50554 51097 51008 19135 51388 51405 51406 50879 51508 51345 51204 50990 51141 51419 51201 51349 50864 51398 51395 50752 51433 50947 51409 51298 50890 38270 38270 38270 38270 38270 38270 38270 38270 38270 38270 38270 38270 38270 38270 38270 38270 38270 38270 38270 38270 38270 38270 38270 38270 38270 38270 38270 38270 38270 38270 38270 38270 38270 38270 38270 38270 38270 38270 38270 38270 38270 38270 194798 38270 38270 38270 38270 38270 38270 38270 38270 38270 38270 38270 38270 38270 38270 38270 38270 38270 38270 38270 38270 38270 
52381 52028 52225 52039 52085 51990 51707 51215 52020 51654 51615 51794 51769 51514 51929 52088 51987 52287 52318 51841 51572 51551 51678 52127 51760 52222 51832 51718 51457 51302 51976 51071 51598 51433 51466 52012 51544 51643 52351 51188 51700 51663 51388 19135 50800 52039 51327 52326 51517 51605 51889 51368 52250 51603 51600 51999 51470 51517 51195 51632 51604 51426 51484 51803 38270 38270 38270 38270 38270 38270 38270 38270 38270 38270 38270 38270 38270 38270 38270 38270 38270 38270 38270 38270 38270 38270 38270 38270 38270 38270 38270 38270 38270 38270 38270 38270 38270 38270 38270 38270 38270 38270 38270 38270 38270 38270 38270 195711 38270 38270 38270 38270 38270 38270 38270 38270 38270 38270 38270 38270 38270 38270 38270 38270 38270 38270 38270 38270 
50905 51690 51137 51676 51533 51299 51524 50891 51635 51126 51259 51045 52127 51008 51313 50632 51532 51671 50660 51151 51694 50958 51306 51378 51274 51552 50758 51206 51115 51391 51329 50988 51053 51074 50957 51582 51072 50726 51290 50759 51117 51201 51405 50800 19135 51279 50668 51622 51355 50976 50340 50686 51508 51355 51165 50984 50853 50713 50439 50457 50930 50945 50779 50381 38270 38270 38270 38270 38270 38270 38270 38270 38270 38270 38270 38270 38270 38270 38270 38270 38270 38270 38270 38270 38270 38270 38270 38270 38270 38270 38270 38270 38270 38270 38270 38270 38270 38270 38270 38270 38270 38270 38270 38270 38270 38270 38270 38270 177791 38270 38270 38270 38270 38270 38270 38270 38270 38270 38270 38270 38270 38270 38270 38270 38270 38270 38270 38270 
51783 52198 52289 52128 52237 51831 51675 51110 51662 51324 51665 51774 52661 51536 51971 51474 52000 52045 51798 51799 51611 51488 51585 51491 51465 52274 51465 51775 51360 51545 52058 51853 51438 51562 52155 52221 50838 51669 52238 51505 51313 51827 51406 52039 51279 19135 51393 51886 51654 51056 51357 51454 51754 52106 51885 51605 51692 51272 51089 51430 52034 51711 51720 51496 38270 38270 38270 38270 38270 38270 38270 38270 38270 38270 38270 38270 38270 38270 38270 38270 38270 38270 38270 38270 38270 38270 38270 38270 38270 38270 38270 38270 38270 38270 38270 38270 38270 38270 38270 38270 38270 38270 38270 38270 38270 38270 38270 38270 38270 196115 38270 38270 38270 38270 38270 38270 38270 38270 38270 38270 38270 38270 38270 38270 38270 38270 38270 38270 
51244 51267 51580 51415 51445 51309 51493 50622 50977 50538 51101 51493 51827 51488 51684 51080 51051 51140 51345 51271 51526 51464 51271 51552 51104 51681 51031 51457 50951 51430 51292 51069 51226 51106 50982 51511 50935 51400 51417 51070 51286 50983 50879 51327 50668 51393 19135 51014 51151 50718 50672 50888 51013 51439 51361 50720 51452 50606 50277 50723 51345 51254 51170 50829 38270 38270 38270 38270 38270 38270 38270 38270 38270 38270 38270 38270 38270 38270 38270 38270 38270 38270 38270 38270 38270 38270 38270 38270 38270 38270 38270 38270 38270 38270 38270 38270 38270 38270 38270 38270 38270 38270 38270 38270 38270 38270 38270 38270 38270 38270 179794 38270 38270 38270 38270 38270 38270 38270 38270 38270 38270 38270 38270 38270 38270 38270 38270 38270 
51906 51829 52201 51873 52169 51566 51560 51046 51718 51249 51699 51737 51550 51553 51653 51530 51415 51491 51451 51551 51666 51968 51646 51555 51972 52040 51158 51470 51629 51587 51524 51424 51518 51694 51181 51969 50984 51852 52164 51375 51673 51526 51508 52326 51622 51886 51014 19135 51048 51202 51441 51422 52217 51321 51695 51263 51472 51211 50974 51445 51239 51724 51385 51572 38270 38270 38270 38270 38270 38270 38270 38270 38270 38270 38270 38270 38270 38270 38270 38270 38270 38270 38270 38270 38270 38270 38270 38270 38270 38270 38270 38270 38270 38270 38270 38270 38270 38270 38270 38270 38270 38270 38270 38270 38270 38270 38270 38270 38270 38270 38270 201606 38270 38270 38270 38270 38270 38270 38270 38270 38270 38270 38270 38270 38270 38270 38270 38270 
52181 51555 52063 51732 52061 52044 52411 51294 52213 51264 51190 51202 52026 51376 51653 51095 51491 51946 51635 51641 51613 51665 51776 51354 51926 52065 51773 51791 51494 51448 51446 51077 51196 51843 51195 51775 50927 51842 52122 51158 51955 51111 51345 51517 51355 51654 51151 51048 19135 51278 51020 51791 52327 51969 51962 51594 51607 51485 50976 50933 51339 51572 51526 50882 38270 38270 38270 38270 38270 38270 38270 38270 38270 38270 38270 38270 38270 38270 38270 38270 38270 38270 38270 38270 38270 38270 38270 38270 38270 38270 38270 38270 38270 38270 38270 38270 38270 38270 38270 38270 38270 38270 38270 38270 38270 38270 38270 38270 38270 38270 38270 38270 192695 38270 38270 38270 38270 38270 38270 38270 38270 38270 38270 38270 38270 38270 38270 38270 
51833 51841 51656 51759 52040 51506 51877 51669 51932 51189 51858 51075 51039 51245 51699 51633 51857 51755 51771 51221 51830 50999 51365 51353 51192 51705 51972 51216 50714 51407 51589 50921 51235 51268 51552 51613 50621 50839 51630 50823 51576 51014 51204 51605 50976 51056 50718 51202 51278 19135 51559 51121 51584 51170 51312 51222 51178 51142 50500 51351 51109 51243 50950 51264 38270 38270 38270 38270 38270 38270 38270 38270 38270 38270 38270 38270 38270 38270 38270 38270 38270 38270 38270 38270 38270 38270 38270 38270 38270 38270 38270 38270 38270 38270 38270 38270 38270 38270 38270 38270 38270 38270 38270 38270 38270 38270 38270 38270 38270 38270 38270 38270 38270 188046 38270 38270 38270 38270 38270 38270 38270 38270 38270 38270 38270 38270 38270 38270 
51723 51271 51240 51173 52137 51621 51051 51087 51309 50989 51350 51149 51511 50727 51369 51299 51179 51195 51520 51006 51378 51251 51429 50953 51572 51517 51154 51215 51068 51031 51517 50897 50806 51411 51206 51300 50685 51351 51374 51335 51430 51550 50990 51889 50340 51357 50672 51441 51020 51559 19135 50899 51334 51361 51232 50690 51536 50783 50990 50937 51196 51190 50788 51571 38270 38270 38270 38270 38270 38270 38270 38270 38270 38270 38270 38270 38270 38270 38270 38270 38270 38270 38270 38270 38270 38270 38270 38270 38270 38270 38270 38270 38270 38270 38270 38270 38270 38270 38270 38270 38270 38270 38270 38270 38270 38270 38270 38270 38270 38270 38270 38270 38270 38270 183473 38270 38270 38270 38270 38270 38270 38270 38270 38270 38270 38270 38270 38270 
