19135 51585 52043 51757 52646 51588 51773 51654 51917 51293 52306 52276 51581 51663 52105 51781 52521 52194 52001 52139 52246 51484 51907 51767 51846 52097 51306 51759 51432 51401 51401 51508 51900 51984 51677 52259 51751 52453 52333 51957 52420 51351 51938 53037 51393 52025 51762 52695 52774 52436 51972 51571 52986 51698 52173 51267 51846 51477 51512 51785 51708 51670 51536 51346 201483 38270 38270 38270 38270 38270 38270 38270 38270 38270 38270 38270 38270 38270 38270 38270 38270 38270 38270 38270 38270 38270 38270 38270 38270 38270 38270 38270 38270 38270 38270 38270 38270 38270 38270 38270 38270 38270 38270 38270 38270 38270 38270 38270 38270 38270 38270 38270 38270 38270 38270 38270 38270 38270 38270 38270 38270 38270 38270 38270 38270 38270 38270 38270 
51585 19135 51688 52028 52663 52025 52022 51569 52043 51402 52412 51734 51854 51855 51840 52110 51656 52388 52005 51743 52033 51763 51792 51961 51917 52327 51610 51793 51254 51471 51537 51466 51733 52126 51943 52821 51977 52117 52409 51488 52457 51847 52145 52594 52304 52423 51811 52639 52154 52444 51521 51706 52342 51915 52441 51067 51641 51936 51500 51911 52011 51770 51628 51549 38270 201787 38270 38270 38270 38270 38270 38270 38270 38270 38270 38270 38270 38270 38270 38270 38270 38270 38270 38270 38270 38270 38270 38270 38270 38270 38270 38270 38270 38270 38270 38270 38270 38270 38270 38270 38270 38270 38270 38270 38270 38270 38270 38270 38270 38270 38270 38270 38270 38270 38270 38270 38270 38270 38270 38270 38270 38270 38270 38270 38270 38270 38270 38270 
52043 51688 19135 51947 52341 52113 51707 51848 51542 51442 51686 52244 51612 51724 52353 52021 51980 51785 51767 51878 52083 51855 51697 51526 52029 52603 51452 51761 51278 51549 51953 51456 51297 52341 51958 52069 51446 52335 52683 51546 52328 51980 52362 52908 51714 52524 52161 53026 52793 52211 51427 51858 52575 51729 52692 50642 51682 51822 51442 51269 51796 51798 51727 51702 38270 38270 202691 38270 38270 38270 38270 38270 38270 38270 38270 38270 38270 38270 38270 38270 38270 38270 38270 38270 38270 38270 38270 38270 38270 38270 38270 38270 38270 38270 38270 38270 38270 38270 38270 38270 38270 38270 38270 38270 38270 38270 38270 38270 38270 38270 38270 38270 38270 38270 38270 38270 38270 38270 38270 38270 38270 38270 38270 38270 38270 38270 38270 38270 
51757 52028 51947 19135 52527 51677 52071 51635 52132 51151 51918 51849 52018 51851 52166 51752 51637 52126 52009 52264 52141 51816 51654 51958 51939 52177 51803 51993 51217 51604 51855 51852 51769 52050 51568 52257 51743 52026 52292 51160 52404 51740 52133 52552 52180 52408 51948 52666 52307 52380 51465 51852 52357 51786 52241 51468 51938 51911 51548 51628 51878 51932 51912 51714 38270 38270 38270 202039 38270 38270 38270 38270 38270 38270 38270 38270 38270 38270 38270 38270 38270 38270 38270 38270 38270 38270 38270 38270 38270 38270 38270 38270 38270 38270 38270 38270 38270 38270 38270 38270 38270 38270 38270 38270 38270 38270 38270 38270 38270 38270 38270 38270 38270 38270 38270 38270 38270 38270 38270 38270 38270 38270 38270 38270 38270 38270 38270 38270 
52646 52663 52341 52527 19135 52107 52647 51535 52496 51343 52108 52271 52247 52363 52322 52194 52171 52901 52758 52366 52533 52097 52578 51739 52752 52992 52250 51853 51887 51709 52061 52050 52180 52578 52516 53009 52359 53064 53555 51863 53140 52101 52535 52808 52175 52540 52129 53032 52849 52695 52400 51741 52890 52116 53126 51226 52045 52284 51652 52139 52294 52211 52244 52345 38270 38270 38270 38270 209018 38270 38270 38270 38270 38270 38270 38270 38270 38270 38270 38270 38270 38270 38270 38270 38270 38270 38270 38270 38270 38270 38270 38270 38270 38270 38270 38270 38270 38270 38270 38270 38270 38270 38270 38270 38270 38270 38270 38270 38270 38270 38270 38270 38270 38270 38270 38270 38270 38270 38270 38270 38270 38270 38270 38270 38270 38270 38270 38270 
51588 52025 52113 51677 52107 19135 51644 51163 51749 50887 51816 51658 51406 51620 51853 51550 51359 51878 51679 51544 51523 51573 51564 51435 52062 52429 52039 51424 51084 51449 51647 51377 51714 52054 51664 52194 51514 52128 52529 51020 52469 51241 51829 52659 51874 52096 51914 52358 52792 52120 51821 51350 53032 51210 51969 50661 51894 51861 51129 51578 51319 52325 51681 51811 38270 38270 38270 38270 38270 190540 38270 38270 38270 38270 38270 38270 38270 38270 38270 38270 38270 38270 38270 38270 38270 38270 38270 38270 38270 38270 38270 38270 38270 38270 38270 38270 38270 38270 38270 38270 38270 38270 38270 38270 38270 38270 38270 38270 38270 38270 38270 38270 38270 38270 38270 38270 38270 38270 38270 38270 38270 38270 38270 38270 38270 38270 38270 38270 
51773 52022 51707 52071 52647 51644 19135 51437 51991 51096 51516 51246 51422 51344 51993 51874 51759 51442 51829 51511 52142 51716 52176 51692 51917 52369 51430 52037 51242 51817 51743 51681 51324 51688 52057 52423 51605 51925 52131 51147 52289 51478 51794 52254 52060 51915 52031 52207 53013 52523 51261 51294 51992 51561 52426 51232 51479 51174 51164 51633 52158 51755 51727 51851 38270 38270 38270 38270 38270 38270 191500 38270 38270 38270 38270 38270 38270 38270 38270 38270 38270 38270 38270 38270 38270 38270 38270 38270 38270 38270 38270 38270 38270 38270 38270 38270 38270 38270 38270 38270 38270 38270 38270 38270 38270 38270 38270 38270 38270 38270 38270 38270 38270 38270 38270 38270 38270 38270 38270 38270 38270 38270 38270 38270 38270 38270 38270 38270 
51654 51569 51848 51635 51535 51163 51437 19135 51271 50704 51111 51232 51949 51112 51169 50993 50959 51223 51331 51143 51141 51208 50920 51691 50904 51749 51475 50845 51368 51307 51212 51306 50980 51203 51393 51845 51528 51467 51974 50788 51670 50970 51256 51623 51397 51286 51021 51593 51745 52174 51345 51438 51868 51711 51596 50975 51446 51416 50901 51544 51198 52066 51175 51377 38270 38270 38270 38270 38270 38270 38270 179390 38270 38270 38270 38270 38270 38270 38270 38270 38270 38270 38270 38270 38270 38270 38270 38270 38270 38270 38270 38270 38270 38270 38270 38270 38270 38270 38270 38270 38270 38270 38270 38270 38270 38270 38270 38270 38270 38270 38270 38270 38270 38270 38270 38270 38270 38270 38270 38270 38270 38270 38270 38270 38270 38270 38270 38270 
51917 52043 51542 52132 52496 51749 51991 51271 19135 51173 51908 51754 52094 51517 51891 51681 51616 51773 51863 51627 51860 51657 51785 51407 51513 52062 51809 51502 51550 51657 51683 51348 51693 52081 52409 52163 51675 51683 52448 51733 51984 51245 51922 52690 52299 51901 51644 52489 52771 52548 51604 51587 52113 51521 51918 51255 51634 51679 51593 51444 51448 52020 51370 51649 38270 38270 38270 38270 38270 38270 38270 38270 194153 38270 38270 38270 38270 38270 38270 38270 38270 38270 38270 38270 38270 38270 38270 38270 38270 38270 38270 38270 38270 38270 38270 38270 38270 38270 38270 38270 38270 38270 38270 38270 38270 38270 38270 38270 38270 38270 38270 38270 38270 38270 38270 38270 38270 38270 38270 38270 38270 38270 38270 38270 38270 38270 38270 38270 
51293 51402 51442 51151 51343 50887 51096 50704 51173 19135 50900 51100 51330 51483 51761 51218 51073 50893 51079 50883 51132 51178 51529 51065 51666 51902 51458 50611 50804 51757 50892 50957 51113 51769 51221 51264 51024 51692 52022 50693 51562 50943 51395 52157 51661 51515 51076 51826 51794 51770 51204 51597 51487 51045 51605 50651 51262 50945 51227 51138 51048 51468 51490 50981 38270 38270 38270 38270 38270 38270 38270 38270 38270 176409 38270 38270 38270 38270 38270 38270 38270 38270 38270 38270 38270 38270 38270 38270 38270 38270 38270 38270 38270 38270 38270 38270 38270 38270 38270 38270 38270 38270 38270 38270 38270 38270 38270 38270 38270 38270 38270 38270 38270 38270 38270 38270 38270 38270 38270 38270 38270 38270 38270 38270 38270 38270 38270 38270 
52306 52412 51686 51918 52108 51816 51516 51111 51908 50900 19135 51304 51181 51578 51384 51676 51510 51701 51993 51758 52033 51611 51507 51304 51973 52439 51906 51279 51276 51590 51508 51556 51417 51523 52076 52496 51285 51846 51679 50960 51896 51871 52143 52132 51784 51852 51635 52313 51707 52375 51603 51663 52291 51605 51647 51005 51630 51494 50931 51322 51625 51897 51466 51421 38270 38270 38270 38270 38270 38270 38270 38270 38270 38270 192301 38270 38270 38270 38270 38270 38270 38270 38270 38270 38270 38270 38270 38270 38270 38270 38270 38270 38270 38270 38270 38270 38270 38270 38270 38270 38270 38270 38270 38270 38270 38270 38270 38270 38270 38270 38270 38270 38270 38270 38270 38270 38270 38270 38270 38270 38270 38270 38270 38270 38270 38270 38270 38270 
52276 51734 52244 51849 52271 51658 51246 51232 51754 51100 51304 19135 51305 52141 51575 51237 51398 51865 51802 51876 51470 51487 51505 51750 51507 52477 51127 51582 51186 51084 51943 51496 51259 51711 52038 51704 51967 52106 51790 50985 52439 51596 51962 52316 51668 51964 52125 52470 51778 51687 51437 51362 52133 52079 52063 50778 51406 51291 51382 51656 51683 51292 51760 51623 38270 38270 38270 38270 38270 38270 38270 38270 38270 38270 38270 189893 38270 38270 38270 38270 38270 38270 38270 38270 38270 38270 38270 38270 38270 38270 38270 38270 38270 38270 38270 38270 38270 38270 38270 38270 38270 38270 38270 38270 38270 38270 38270 38270 38270 38270 38270 38270 38270 38270 38270 38270 38270 38270 38270 38270 38270 38270 38270 38270 38270 38270 38270 38270 
51581 51854 51612 52018 52247 51406 51422 51949 52094 51330 51181 51305 19135 51747 51883 51196 51716 51449 52740 51401 52311 51433 51647 51456 51894 52714 51448 51427 51106 51958 51294 51641 51395 51942 52148 52056 51675 52158 52718 51290 52100 51400 52136 52371 52641 52830 52404 52330 52668 51616 51664 51248 52409 52068 52021 51208 51243 51399 51676 51215 51950 51790 51411 52191 38270 38270 38270 38270 38270 38270 38270 38270 38270 38270 38270 38270 193410 38270 38270 38270 38270 38270 38270 38270 38270 38270 38270 38270 38270 38270 38270 38270 38270 38270 38270 38270 38270 38270 38270 38270 38270 38270 38270 38270 38270 38270 38270 38270 38270 38270 38270 38270 38270 38270 38270 38270 38270 38270 38270 38270 38270 38270 38270 38270 38270 38270 38270 38270 
51663 51855 51724 51851 52363 51620 51344 51112 51517 51483 51578 52141 51747 19135 51371 51572 51050 51498 51512 51267 51508 51325 51338 51212 51736 52295 51229 51696 51216 51488 51733 50928 50915 51298 51195 51520 51458 51876 52092 51312 51646 51727 51944 51968 51496 51705 51974 52148 51923 51832 50891 51834 51907 51920 52219 50866 51389 51124 51491 51656 51433 51836 51506 51246 38270 38270 38270 38270 38270 38270 38270 38270 38270 38270 38270 38270 38270 188092 38270 38270 38270 38270 38270 38270 38270 38270 38270 38270 38270 38270 38270 38270 38270 38270 38270 38270 38270 38270 38270 38270 38270 38270 38270 38270 38270 38270 38270 38270 38270 38270 38270 38270 38270 38270 38270 38270 38270 38270 38270 38270 38270 38270 38270 38270 38270 38270 38270 38270 
52105 51840 52353 52166 52322 51853 51993 51169 51891 51761 51384 51575 51883 51371 19135 51522 51989 51751 51242 51851 52086 51664 51664 51744 52034 52628 51534 52293 51461 51511 51557 51457 51759 51787 52048 52056 51656 52666 52565 51686 52859 51719 52428 52539 51853 52157 52222 52368 52334 52402 51489 51721 52425 51634 52198 51353 51682 51997 51265 51602 52136 52466 51567 51531 38270 38270 38270 38270 38270 38270 38270 38270 38270 38270 38270 38270 38270 38270 200108 38270 38270 38270 38270 38270 38270 38270 38270 38270 38270 38270 38270 38270 38270 38270 38270 38270 38270 38270 38270 38270 38270 38270 38270 38270 38270 38270 38270 38270 38270 38270 38270 38270 38270 38270 38270 38270 38270 38270 38270 38270 38270 38270 38270 38270 38270 38270 38270 38270 
51781 52110 52021 51752 52194 51550 51874 50993 51681 51218 51676 51237 51196 51572 51522 19135 51335 51615 51411 51552 51644 51514 51954 51524 51429 52602 51393 51309 51095 51138 51522 51184 51409 51616 51829 51862 51153 51739 51941 50904 51979 51394 52098 52810 51289 51773 51659 52280 51717 52280 51647 51184 52284 51557 51990 51023 51925 51864 50869 51142 51502 51702 52029 51541 38270 38270 38270 38270 38270 38270 38270 38270 38270 38270 38270 38270 38270 38270 38270 190275 38270 38270 38270 38270 38270 38270 38270 38270 38270 38270 38270 38270 38270 38270 38270 38270 38270 38270 38270 38270 38270 38270 38270 38270 38270 38270 38270 38270 38270 38270 38270 38270 38270 38270 38270 38270 38270 38270 38270 38270 38270 38270 38270 38270 38270 38270 38270 38270 
52521 51656 51980 51637 52171 51359 51759 50959 51616 51073 51510 51398 51716 51050 51989 51335 19135 51747 51718 51425 52029 51383 51772 51646 51561 51902 51491 51371 51676 51319 51783 51255 51284 52150 51772 52661 51286 51772 52449 51467 52101 51095 52459 52701 52142 52280 51708 52189 52221 52473 51392 51589 52328 51383 51650 50803 51900 51518 50869 51627 51634 51876 51543 51389 38270 38270 38270 38270 38270 38270 38270 38270 38270 38270 38270 38270 38270 38270 38270 38270 193721 38270 38270 38270 38270 38270 38270 38270 38270 38270 38270 38270 38270 38270 38270 38270 38270 38270 38270 38270 38270 38270 38270 38270 38270 38270 38270 38270 38270 38270 38270 38270 38270 38270 38270 38270 38270 38270 38270 38270 38270 38270 38270 38270 38270 38270 38270 38270 
52194 52388 51785 52126 52901 51878 51442 51223 51773 50893 51701 51865 51449 51498 51751 51615 51747 19135 52297 51656 51561 51842 51490 51689 51618 52378 51239 51297 51026 51656 51585 51144 51400 51785 51719 52048 51158 51773 52289 51565 52260 51784 51623 52993 52183 52296 51671 52276 52555 52358 51495 51233 52488 51633 52033 50791 51500 51657 51122 52137 51669 51831 51689 51764 38270 38270 38270 38270 38270 38270 38270 38270 38270 38270 38270 38270 38270 38270 38270 38270 38270 193824 38270 38270 38270 38270 38270 38270 38270 38270 38270 38270 38270 38270 38270 38270 38270 38270 38270 38270 38270 38270 38270 38270 38270 38270 38270 38270 38270 38270 38270 38270 38270 38270 38270 38270 38270 38270 38270 38270 38270 38270 38270 38270 38270 38270 38270 38270 
52001 52005 51767 52009 52758 51679 51829 51331 51863 51079 51993 51802 52740 51512 51242 51411 51718 52297 19135 51535 51649 51475 51611 51489 51734 52051 51834 51444 51196 51301 51318 51379 51416 51960 51955 52180 51646 52349 52572 51667 51969 51639 51953 52862 51191 52037 51893 52243 52237 52420 51771 52013 52041 51865 52022 50739 51484 51548 51225 51989 51439 51510 51401 51597 38270 38270 38270 38270 38270 38270 38270 38270 38270 38270 38270 38270 38270 38270 38270 38270 38270 38270 191840 38270 38270 38270 38270 38270 38270 38270 38270 38270 38270 38270 38270 38270 38270 38270 38270 38270 38270 38270 38270 38270 38270 38270 38270 38270 38270 38270 38270 38270 38270 38270 38270 38270 38270 38270 38270 38270 38270 38270 38270 38270 38270 38270 38270 38270 
52139 51743 51878 52264 52366 51544 51511 51143 51627 50883 51758 51876 51401 51267 51851 51552 51425 51656 51535 19135 51358 51332 51803 51414 51613 51937 51298 51312 51527 51469 51480 51679 51519 51445 51512 51901 51631 52320 52215 51105 51758 51260 51788 52593 51842 52152 51936 52404 52340 51870 51293 51531 52212 51639 51934 51273 51565 51293 50952 51493 51536 51704 51563 51258 38270 38270 38270 38270 38270 38270 38270 38270 38270 38270 38270 38270 38270 38270 38270 38270 38270 38270 38270 187045 38270 38270 38270 38270 38270 38270 38270 38270 38270 38270 38270 38270 38270 38270 38270 38270 38270 38270 38270 38270 38270 38270 38270 38270 38270 38270 38270 38270 38270 38270 38270 38270 38270 38270 38270 38270 38270 38270 38270 38270 38270 38270 38270 38270 
52246 52033 52083 52141 52533 51523 52142 51141 51860 51132 52033 51470 52311 51508 52086 51644 52029 51561 51649 51358 19135 51752 51699 51546 51923 52245 51887 51884 51162 51743 51512 51190 51555 51759 51950 51956 51701 52056 52113 51790 52089 51657 51774 52172 52173 51895 52084 52497 52225 52448 51633 51376 52518 51050 52244 51023 51228 51723 51744 51769 51730 52445 51963 51193 38270 38270 38270 38270 38270 38270 38270 38270 38270 38270 38270 38270 38270 38270 38270 38270 38270 38270 38270 38270 193069 38270 38270 38270 38270 38270 38270 38270 38270 38270 38270 38270 38270 38270 38270 38270 38270 38270 38270 38270 38270 38270 38270 38270 38270 38270 38270 38270 38270 38270 38270 38270 38270 38270 38270 38270 38270 38270 38270 38270 38270 38270 38270 38270 
51484 51763 51855 51816 52097 51573 51716 51208 51657 51178 51611 51487 51433 51325 51664 51514 51383 51842 51475 51332 51752 19135 52259 51555 51729 52163 51151 51577 50837 51688 51504 51158 50814 51937 51545 51558 51640 52083 51882 50794 51772 51544 51896 52087 51558 51718 51999 52749 52264 51633 51502 51346 51804 51605 52063 50825 51418 51365 51373 51740 51611 51571 52009 51522 38270 38270 38270 38270 38270 38270 38270 38270 38270 38270 38270 38270 38270 38270 38270 38270 38270 38270 38270 38270 38270 186203 38270 38270 38270 38270 38270 38270 38270 38270 38270 38270 38270 38270 38270 38270 38270 38270 38270 38270 38270 38270 38270 38270 38270 38270 38270 38270 38270 38270 38270 38270 38270 38270 38270 38270 38270 38270 38270 38270 38270 38270 38270 38270 
51907 51792 51697 51654 52578 51564 52176 50920 51785 51529 51507 51505 51647 51338 51664 51954 51772 51490 51611 51803 51699 52259 19135 51387 51659 52072 52126 51375 51365 51412 51616 51160 51683 52277 52295 51964 51872 52149 52447 51479 52015 51534 52372 52344 51882 51840 51846 52392 52377 51943 51609 51245 52549 51727 52345 50968 52093 51361 51182 51270 51489 52032 51336 51340 38270 38270 38270 38270 38270 38270 38270 38270 38270 38270 38270 38270 38270 38270 38270 38270 38270 38270 38270 38270 38270 38270 195088 38270 38270 38270 38270 38270 38270 38270 38270 38270 38270 38270 38270 38270 38270 38270 38270 38270 38270 38270 38270 38270 38270 38270 38270 38270 38270 38270 38270 38270 38270 38270 38270 38270 38270 38270 38270 38270 38270 38270 38270 38270 
51767 51961 51526 51958 51739 51435 51692 51691 51407 51065 51304 51750 51456 51212 51744 51524 51646 51689 51489 51414 51546 51555 51387 19135 51611 52546 51484 51758 51062 51106 51424 51611 51247 51787 51760 51726 51626 52340 51780 50989 52035 51556 52146 52659 51920 51741 52069 52190 51989 51952 51163 51534 51949 51373 52318 50958 51570 51853 51619 51604 51673 51816 52061 51660 38270 38270 38270 38270 38270 38270 38270 38270 38270 38270 38270 38270 38270 38270 38270 38270 38270 38270 38270 38270 38270 38270 38270 189179 38270 38270 38270 38270 38270 38270 38270 38270 38270 38270 38270 38270 38270 38270 38270 38270 38270 38270 38270 38270 38270 38270 38270 38270 38270 38270 38270 38270 38270 38270 38270 38270 38270 38270 38270 38270 38270 38270 38270 38270 
51846 51917 52029 51939 52752 52062 51917 50904 51513 51666 51973 51507 51894 51736 52034 51429 51561 51618 51734 51613 51923 51729 51659 51611 19135 51999 51657 51334 51363 51446 51533 51298 51506 51335 52124 52366 51946 51657 51919 51392 51847 51840 52441 52304 51897 51781 51749 52724 52562 51802 51831 51554 52528 51249 52214 50735 51409 51609 51458 51324 51744 51824 51650 51478 38270 38270 38270 38270 38270 38270 38270 38270 38270 38270 38270 38270 38270 38270 38270 38270 38270 38270 38270 38270 38270 38270 38270 38270 193557 38270 38270 38270 38270 38270 38270 38270 38270 38270 38270 38270 38270 38270 38270 38270 38270 38270 38270 38270 38270 38270 38270 38270 38270 38270 38270 38270 38270 38270 38270 38270 38270 38270 38270 38270 38270 38270 38270 38270 
52097 52327 52603 52177 52992 52429 52369 51749 52062 51902 52439 52477 52714 52295 52628 52602 51902 52378 52051 51937 52245 52163 52072 52546 51999 19135 51837 51806 51540 52054 51676 51834 52227 52661 52559 52165 51803 52033 52765 52015 52705 52158 52394 52809 52128 52563 52231 52719 52711 52379 51771 51554 52315 52124 52555 51124 51697 52360 52058 51931 52484 52864 52181 52104 38270 38270 38270 38270 38270 38270 38270 38270 38270 38270 38270 38270 38270 38270 38270 38270 38270 38270 38270 38270 38270 38270 38270 38270 38270 222713 38270 38270 38270 38270 38270 38270 38270 38270 38270 38270 38270 38270 38270 38270 38270 38270 38270 38270 38270 38270 38270 38270 38270 38270 38270 38270 38270 38270 38270 38270 38270 38270 38270 38270 38270 38270 38270 38270 
51306 51610 51452 51803 52250 52039 51430 51475 51809 51458 51906 51127 51448 51229 51534 51393 51491 51239 51834 51298 51887 51151 52126 51484 51657 51837 19135 51118 51124 51069 51541 51111 51378 51317 51864 52434 51777 51720 51785 51730 51723 51321 51740 52316 51311 51687 51538 51746 52321 52585 51321 51238 52277 51515 52415 50783 51179 51337 51045 51500 51969 52028 52265 51436 38270 38270 38270 38270 38270 38270 38270 38270 38270 38270 38270 38270 38270 38270 38270 38270 38270 38270 38270 38270 38270 38270 38270 38270 38270 38270 187814 38270 38270 38270 38270 38270 38270 38270 38270 38270 38270 38270 38270 38270 38270 38270 38270 38270 38270 38270 38270 38270 38270 38270 38270 38270 38270 38270 38270 38270 38270 38270 38270 38270 38270 38270 38270 38270 
51759 51793 51761 51993 51853 51424 52037 50845 51502 50611 51279 51582 51427 51696 52293 51309 51371 51297 51444 51312 51884 51577 51375 51758 51334 51806 51118 19135 51096 51461 51369 50946 51523 51554 51994 52147 51806 51490 52038 51483 51678 51455 51747 52322 51708 51913 51978 52115 52303 51710 51299 51056 51683 51189 51825 50703 51718 51355 50864 51351 51216 51335 51583 51598 38270 38270 38270 38270 38270 38270 38270 38270 38270 38270 38270 38270 38270 38270 38270 38270 38270 38270 38270 38270 38270 38270 38270 38270 38270 38270 38270 188342 38270 38270 38270 38270 38270 38270 38270 38270 38270 38270 38270 38270 38270 38270 38270 38270 38270 38270 38270 38270 38270 38270 38270 38270 38270 38270 38270 38270 38270 38270 38270 38270 38270 38270 38270 38270 
51432 51254 51278 51217 51887 51084 51242 51368 51550 50804 51276 51186 51106 51216 51461 51095 51676 51026 51196 51527 51162 50837 51365 51062 51363 51540 51124 51096 19135 50777 51320 50918 51295 51174 51303 51741 51647 51857 51980 50862 51689 51089 51378 51818 51604 51484 51286 52117 51910 51166 51160 51539 51882 51417 51293 50503 51353 51468 51608 51142 51282 51005 51354 51342 38270 38270 38270 38270 38270 38270 38270 38270 38270 38270 38270 38270 38270 38270 38270 38270 38270 38270 38270 38270 38270 38270 38270 38270 38270 38270 38270 38270 182523 38270 38270 38270 38270 38270 38270 38270 38270 38270 38270 38270 38270 38270 38270 38270 38270 38270 38270 38270 38270 38270 38270 38270 38270 38270 38270 38270 38270 38270 38270 38270 38270 38270 38270 38270 
51401 51471 51549 51604 51709 51449 51817 51307 51657 51757 51590 51084 51958 51488 51511 51138 51319 51656 51301 51469 51743 51688 51412 51106 51446 52054 51069 51461 50777 19135 50918 50903 51097 51171 51124 51244 51200 51509 51649 51342 51751 51133 51182 51514 51610 51640 51637 51918 51744 51725 51047 51050 51230 50841 51906 50588 50948 51338 51267 51059 51757 51796 51505 51376 38270 38270 38270 38270 38270 38270 38270 38270 38270 38270 38270 38270 38270 38270 38270 38270 38270 38270 38270 38270 38270 38270 38270 38270 38270 38270 38270 38270 38270 182610 38270 38270 38270 38270 38270 38270 38270 38270 38270 38270 38270 38270 38270 38270 38270 38270 38270 38270 38270 38270 38270 38270 38270 38270 38270 38270 38270 38270 38270 38270 38270 38270 38270 38270 
51401 51537 51953 51855 52061 51647 51743 51212 51683 50892 51508 51943 51294 51733 51557 51522 51783 51585 51318 51480 51512 51504 51616 51424 51533 51676 51541 51369 51320 50918 19135 51161 51090 51976 51282 51176 51263 51699 52084 51288 51572 51311 51777 52221 51609 52081 51665 51968 51720 51897 51574 51007 51809 51611 51754 50733 51510 51047 50960 51060 51446 51539 51318 51263 38270 38270 38270 38270 38270 38270 38270 38270 38270 38270 38270 38270 38270 38270 38270 38270 38270 38270 38270 38270 38270 38270 38270 38270 38270 38270 38270 38270 38270 38270 188012 38270 38270 38270 38270 38270 38270 38270 38270 38270 38270 38270 38270 38270 38270 38270 38270 38270 38270 38270 38270 38270 38270 38270 38270 38270 38270 38270 38270 38270 38270 38270 38270 38270 
51508 51466 51456 51852 52050 51377 51681 51306 51348 50957 51556 51496 51641 50928 51457 51184 51255 51144 51379 51679 51190 51158 51160 51611 51298 51834 51111 50946 50918 50903 51161 19135 51128 51191 50950 51290 51773 51739 51569 50780 51696 51409 51438 51378 51220 51958 51364 51821 51322 51173 50954 51134 51853 51133 51499 50521 51085 51411 51355 51102 51193 51251 51429 51125 38270 38270 38270 38270 38270 38270 38270 38270 38270 38270 38270 38270 38270 38270 38270 38270 38270 38270 38270 38270 38270 38270 38270 38270 38270 38270 38270 38270 38270 38270 38270 181312 38270 38270 38270 38270 38270 38270 38270 38270 38270 38270 38270 38270 38270 38270 38270 38270 38270 38270 38270 38270 38270 38270 38270 38270 38270 38270 38270 38270 38270 38270 38270 38270 
51900 51733 51297 51769 52180 51714 51324 50980 51693 51113 51417 51259 51395 50915 51759 51409 51284 51400 51416 51519 51555 50814 51683 51247 51506 52227 51378 51523 51295 51097 51090 51128 19135 51224 50757 51275 50999 51288 51885 50789 51520 51217 51680 51781 51260 51462 51438 51869 51518 51554 50841 51096 51907 51187 51304 51289 51232 51187 51340 50961 51039 51604 51567 51175 38270 38270 38270 38270 38270 38270 38270 38270 38270 38270 38270 38270 38270 38270 38270 38270 38270 38270 38270 38270 38270 38270 38270 38270 38270 38270 38270 38270 38270 38270 38270 38270 183425 38270 38270 38270 38270 38270 38270 38270 38270 38270 38270 38270 38270 38270 38270 38270 38270 38270 38270 38270 38270 38270 38270 38270 38270 38270 38270 38270 38270 38270 38270 38270 
51984 52126 52341 52050 52578 52054 51688 51203 52081 51769 51523 51711 51942 51298 51787 51616 52150 51785 51960 51445 51759 51937 52277 51787 51335 52661 51317 51554 51174 51171 51976 51191 51224 19135 51197 52021 51179 51854 51722 51716 51883 51915 52043 51897 51454 51948 51483 52364 52424 51800 51950 51417 52018 51613 51575 51242 51524 51909 51266 51444 51812 51504 52042 51598 38270 38270 38270 38270 38270 38270 38270 38270 38270 38270 38270 38270 38270 38270 38270 38270 38270 38270 38270 38270 38270 38270 38270 38270 38270 38270 38270 38270 38270 38270 38270 38270 38270 192325 38270 38270 38270 38270 38270 38270 38270 38270 38270 38270 38270 38270 38270 38270 38270 38270 38270 38270 38270 38270 38270 38270 38270 38270 38270 38270 38270 38270 38270 38270 
51677 51943 51958 51568 52516 51664 52057 51393 52409 51221 52076 52038 52148 51195 52048 51829 51772 51719 51955 51512 51950 51545 52295 51760 52124 52559 51864 51994 51303 51124 51282 50950 50757 51197 19135 52578 51261 51780 52122 51155 51883 51673 51638 51942 51332 52532 51372 51740 51735 52041 51712 51604 51736 52304 51771 51716 51680 51972 51459 51952 52029 51769 51698 51395 38270 38270 38270 38270 38270 38270 38270 38270 38270 38270 38270 38270 38270 38270 38270 38270 38270 38270 38270 38270 38270 38270 38270 38270 38270 38270 38270 38270 38270 38270 38270 38270 38270 38270 193412 38270 38270 38270 38270 38270 38270 38270 38270 38270 38270 38270 38270 38270 38270 38270 38270 38270 38270 38270 38270 38270 38270 38270 38270 38270 38270 38270 38270 38270 
52259 52821 52069 52257 53009 52194 52423 51845 52163 51264 52496 51704 52056 51520 52056 51862 52661 52048 52180 51901 51956 51558 51964 51726 52366 52165 52434 52147 51741 51244 51176 51290 51275 52021 52578 19135 51343 51729 52178 51201 51815 51618 52220 52504 51936 52554 51906 52698 52354 52131 51610 51833 52483 51986 52405 51030 51827 52290 51730 52283 51966 52519 52339 52245 38270 38270 38270 38270 38270 38270 38270 38270 38270 38270 38270 38270 38270 38270 38270 38270 38270 38270 38270 38270 38270 38270 38270 38270 38270 38270 38270 38270 38270 38270 38270 38270 38270 38270 38270 203737 38270 38270 38270 38270 38270 38270 38270 38270 38270 38270 38270 38270 38270 38270 38270 38270 38270 38270 38270 38270 38270 38270 38270 38270 38270 38270 38270 38270 
51751 51977 51446 51743 52359 51514 51605 51528 51675 51024 51285 51967 51675 51458 51656 51153 51286 51158 51646 51631 51701 51640 51872 51626 51946 51803 51777 51806 51647 51200 51263 51773 50999 51179 51261 51343 19135 51557 51952 50974 51684 51621 50990 52312 51628 51475 51507 51684 51681 51284 51365 51702 52176 51264 51536 50744 51206 51523 51635 51540 52311 51704 51604 52215 38270 38270 38270 38270 38270 38270 38270 38270 38270 38270 38270 38270 38270 38270 38270 38270 38270 38270 38270 38270 38270 38270 38270 38270 38270 38270 38270 38270 38270 38270 38270 38270 38270 38270 38270 38270 189568 38270 38270 38270 38270 38270 38270 38270 38270 38270 38270 38270 38270 38270 38270 38270 38270 38270 38270 38270 38270 38270 38270 38270 38270 38270 38270 38270 
52453 52117 52335 52026 53064 52128 51925 51467 51683 51692 51846 52106 52158 51876 52666 51739 51772 51773 52349 52320 52056 52083 52149 52340 51657 52033 51720 51490 51857 51509 51699 51739 51288 51854 51780 51729 51557 19135 52301 51405 51794 51686 52076 52478 51455 52314 52062 52603 52672 51555 51990 51784 52446 52069 52412 51100 51857 52403 51497 51707 52648 52426 51624 51895 38270 38270 38270 38270 38270 38270 38270 38270 38270 38270 38270 38270 38270 38270 38270 38270 38270 38270 38270 38270 38270 38270 38270 38270 38270 38270 38270 38270 38270 38270 38270 38270 38270 38270 38270 38270 38270 206471 38270 38270 38270 38270 38270 38270 38270 38270 38270 38270 38270 38270 38270 38270 38270 38270 38270 38270 38270 38270 38270 38270 38270 38270 38270 38270 
52333 52409 52683 52292 53555 52529 52131 51974 52448 52022 51679 51790 52718 52092 52565 51941 52449 52289 52572 52215 52113 51882 52447 51780 51919 52765 51785 52038 51980 51649 52084 51569 51885 51722 52122 52178 51952 52301 19135 51328 52649 52130 51893 52957 51772 52678 51909 52891 52809 52285 51780 51506 52764 52250 52048 51441 52013 52405 51675 51993 52951 52520 53106 51497 38270 38270 38270 38270 38270 38270 38270 38270 38270 38270 38270 38270 38270 38270 38270 38270 38270 38270 38270 38270 38270 38270 38270 38270 38270 38270 38270 38270 38270 38270 38270 38270 38270 38270 38270 38270 38270 38270 209707 38270 38270 38270 38270 38270 38270 38270 38270 38270 38270 38270 38270 38270 38270 38270 38270 38270 38270 38270 38270 38270 38270 38270 38270 38270 
51957 51488 51546 51160 51863 51020 51147 50788 51733 50693 50960 50985 51290 51312 51686 50904 51467 51565 51667 51105 51790 50794 51479 50989 51392 52015 51730 51483 50862 51342 51288 50780 50789 51716 51155 51201 50974 51405 51328 19135 51205 51965 51051 51495 51032 51649 51354 51747 51569 51250 51435 51018 51509 51574 51051 50781 51272 50972 51039 51113 51259 51595 50962 50899 38270 38270 38270 38270 38270 38270 38270 38270 38270 38270 38270 38270 38270 38270 38270 38270 38270 38270 38270 38270 38270 38270 38270 38270 38270 38270 38270 38270 38270 38270 38270 38270 38270 38270 38270 38270 38270 38270 38270 180137 38270 38270 38270 38270 38270 38270 38270 38270 38270 38270 38270 38270 38270 38270 38270 38270 38270 38270 38270 38270 38270 38270 38270 38270 
52420 52457 52328 52404 53140 52469 52289 51670 51984 51562 51896 52439 52100 51646 52859 51979 52101 52260 51969 51758 52089 51772 52015 52035 51847 52705 51723 51678 51689 51751 51572 51696 51520 51883 51883 51815 51684 51794 52649 51205 19135 51863 51761 52327 51605 51873 51789 52507 52588 52231 52135 51624 52471 52275 51906 51172 52016 52118 51859 51626 51777 52444 51915 51828 38270 38270 38270 38270 38270 38270 38270 38270 38270 38270 38270 38270 38270 38270 38270 38270 38270 38270 38270 38270 38270 38270 38270 38270 38270 38270 38270 38270 38270 38270 38270 38270 38270 38270 38270 38270 38270 38270 38270 38270 203236 38270 38270 38270 38270 38270 38270 38270 38270 38270 38270 38270 38270 38270 38270 38270 38270 38270 38270 38270 38270 38270 38270 38270 
51351 51847 51980 51740 52101 51241 51478 50970 51245 50943 51871 51596 51400 51727 51719 51394 51095 51784 51639 51260 51657 51544 51534 51556 51840 52158 51321 51455 51089 51133 51311 51409 51217 51915 51673 51618 51621 51686 52130 51965 51863 19135 51457 52082 51588 51943 51464 52102 51478 51441 51757 51689 52028 51640 51833 51397 51409 51123 50926 51325 52043 51668 51320 51179 38270 38270 38270 38270 38270 38270 38270 38270 38270 38270 38270 38270 38270 38270 38270 38270 38270 38270 38270 38270 38270 38270 38270 38270 38270 38270 38270 38270 38270 38270 38270 38270 38270 38270 38270 38270 38270 38270 38270 38270 38270 189234 38270 38270 38270 38270 38270 38270 38270 38270 38270 38270 38270 38270 38270 38270 38270 38270 38270 38270 38270 38270 38270 38270 
51938 52145 52362 52133 52535 51829 51794 51256 51922 51395 52143 51962 52136 51944 52428 52098 52459 51623 51953 51788 51774 51896 52372 52146 52441 52394 51740 51747 51378 51182 51777 51438 51680 52043 51638 52220 50990 52076 51893 51051 51761 51457 19135 52250 52077 52152 51448 52230 52140 51914 51672 51770 52329 51650 51810 51110 51919 52199 51356 52028 51727 52235 52106 51649 38270 38270 38270 38270 38270 38270 38270 38270 38270 38270 38270 38270 38270 38270 38270 38270 38270 38270 38270 38270 38270 38270 38270 38270 38270 38270 38270 38270 38270 38270 38270 38270 38270 38270 38270 38270 38270 38270 38270 38270 38270 38270 207858 38270 38270 38270 38270 38270 38270 38270 38270 38270 38270 38270 38270 38270 38270 38270 38270 38270 38270 38270 38270 38270 
53037 52594 52908 52552 52808 52659 52254 51623 52690 52157 52132 52316 52371 51968 52539 52810 52701 52993 52862 52593 52172 52087 52344 52659 52304 52809 52316 52322 51818 51514 52221 51378 51781 51897 51942 52504 52312 52478 52957 51495 52327 52082 52250 19135 51519 52756 52173 53210 52384 52432 52642 52074 53180 51947 52078 52169 51900 52373 51842 52277 52531 52269 52374 52692 38270 38270 38270 38270 38270 38270 38270 38270 38270 38270 38270 38270 38270 38270 38270 38270 38270 38270 38270 38270 38270 38270 38270 38270 38270 38270 38270 38270 38270 38270 38270 38270 38270 38270 38270 38270 38270 38270 38270 38270 38270 38270 38270 213397 38270 38270 38270 38270 38270 38270 38270 38270 38270 38270 38270 38270 38270 38270 38270 38270 38270 38270 38270 38270 
51393 52304 51714 52180 52175 51874 52060 51397 52299 51661 51784 51668 52641 51496 51853 51289 52142 52183 51191 51842 52173 51558 51882 51920 51897 52128 51311 51708 51604 51610 51609 51220 51260 51454 51332 51936 51628 51455 51772 51032 51605 51588 52077 51519 19135 52039 51329 52513 52157 51719 51129 51388 52401 51834 51646 51295 51436 51631 51215 51148 51807 51806 51690 51191 38270 38270 38270 38270 38270 38270 38270 38270 38270 38270 38270 38270 38270 38270 38270 38270 38270 38270 38270 38270 38270 38270 38270 38270 38270 38270 38270 38270 38270 38270 38270 38270 38270 38270 38270 38270 38270 38270 38270 38270 38270 38270 38270 38270 191298 38270 38270 38270 38270 38270 38270 38270 38270 38270 38270 38270 38270 38270 38270 38270 38270 38270 38270 38270 
52025 52423 52524 52408 52540 52096 51915 51286 51901 51515 51852 51964 52830 51705 52157 51773 52280 52296 52037 52152 51895 51718 51840 51741 51781 52563 51687 51913 51484 51640 52081 51958 51462 51948 52532 52554 51475 52314 52678 51649 51873 51943 52152 52756 52039 19135 52061 52564 52377 51654 51767 51820 52222 52057 52207 51415 51790 51606 51383 51756 52429 52096 52107 51940 38270 38270 38270 38270 38270 38270 38270 38270 38270 38270 38270 38270 38270 38270 38270 38270 38270 38270 38270 38270 38270 38270 38270 38270 38270 38270 38270 38270 38270 38270 38270 38270 38270 38270 38270 38270 38270 38270 38270 38270 38270 38270 38270 38270 38270 199592 38270 38270 38270 38270 38270 38270 38270 38270 38270 38270 38270 38270 38270 38270 38270 38270 38270 38270 
51762 51811 52161 51948 52129 51914 52031 51021 51644 51076 51635 52125 52404 51974 52222 51659 51708 51671 51893 51936 52084 51999 51846 52069 51749 52231 51538 51978 51286 51637 51665 51364 51438 51483 51372 51906 51507 52062 51909 51354 51789 51464 51448 52173 51329 52061 19135 51826 51941 51449 51391 51578 51904 51876 51853 50977 52042 51480 50988 51371 52259 52113 52005 51663 38270 38270 38270 38270 38270 38270 38270 38270 38270 38270 38270 38270 38270 38270 38270 38270 38270 38270 38270 38270 38270 38270 38270 38270 38270 38270 38270 38270 38270 38270 38270 38270 38270 38270 38270 38270 38270 38270 38270 38270 38270 38270 38270 38270 38270 38270 192781 38270 38270 38270 38270 38270 38270 38270 38270 38270 38270 38270 38270 38270 38270 38270 38270 38270 
52695 52639 53026 52666 53032 52358 52207 51593 52489 51826 52313 52470 52330 52148 52368 52280 52189 52276 52243 52404 52497 52749 52392 52190 52724 52719 51746 52115 52117 51918 51968 51821 51869 52364 51740 52698 51684 52603 52891 51747 52507 52102 52230 53210 52513 52564 51826 19135 51908 52046 52164 52137 53189 51727 52246 51483 52027 52110 51693 52169 52111 52570 52293 52377 38270 38270 38270 38270 38270 38270 38270 38270 38270 38270 38270 38270 38270 38270 38270 38270 38270 38270 38270 38270 38270 38270 38270 38270 38270 38270 38270 38270 38270 38270 38270 38270 38270 38270 38270 38270 38270 38270 38270 38270 38270 38270 38270 38270 38270 38270 38270 217259 38270 38270 38270 38270 38270 38270 38270 38270 38270 38270 38270 38270 38270 38270 38270 38270 
52774 52154 52793 52307 52849 52792 53013 51745 52771 51794 51707 51778 52668 51923 52334 51717 52221 52555 52237 52340 52225 52264 52377 51989 52562 52711 52321 52303 51910 51744 51720 51322 51518 52424 51735 52354 51681 52672 52809 51569 52588 51478 52140 52384 52157 52377 51941 51908 19135 52070 51643 52429 53210 52279 52401 51745 52033 52295 51677 51544 52215 52460 52429 51634 38270 38270 38270 38270 38270 38270 38270 38270 38270 38270 38270 38270 38270 38270 38270 38270 38270 38270 38270 38270 38270 38270 38270 38270 38270 38270 38270 38270 38270 38270 38270 38270 38270 38270 38270 38270 38270 38270 38270 38270 38270 38270 38270 38270 38270 38270 38270 38270 209592 38270 38270 38270 38270 38270 38270 38270 38270 38270 38270 38270 38270 38270 38270 38270 
52436 52444 52211 52380 52695 52120 52523 52174 52548 51770 52375 51687 51616 51832 52402 52280 52473 52358 52420 51870 52448 51633 51943 51952 51802 52379 52585 51710 51166 51725 51897 51173 51554 51800 52041 52131 51284 51555 52285 51250 52231 51441 51914 52432 51719 51654 51449 52046 52070 19135 52312 51805 52529 51536 51782 51443 51677 51955 51193 52031 51956 52142 51773 52054 38270 38270 38270 38270 38270 38270 38270 38270 38270 38270 38270 38270 38270 38270 38270 38270 38270 38270 38270 38270 38270 38270 38270 38270 38270 38270 38270 38270 38270 38270 38270 38270 38270 38270 38270 38270 38270 38270 38270 38270 38270 38270 38270 38270 38270 38270 38270 38270 38270 202248 38270 38270 38270 38270 38270 38270 38270 38270 38270 38270 38270 38270 38270 38270 
51972 51521 51427 51465 52400 51821 51261 51345 51604 51204 51603 51437 51664 50891 51489 51647 51392 51495 51771 51293 51633 51502 51609 51163 51831 51771 51321 51299 51160 51047 51574 50954 50841 51950 51712 51610 51365 51990 51780 51435 52135 51757 51672 52642 51129 51767 51391 52164 51643 52312 19135 51312 51882 51464 51748 50680 51718 51249 51403 51274 51701 51655 51273 51997 38270 38270 38270 38270 38270 38270 38270 38270 38270 38270 38270 38270 38270 38270 38270 38270 38270 38270 38270 38270 38270 38270 38270 38270 38270 38270 38270 38270 38270 38270 38270 38270 38270 38270 38270 38270 38270 38270 38270 38270 38270 38270 38270 38270 38270 38270 38270 38270 38270 38270 189362 38270 38270 38270 38270 38270 38270 38270 38270 38270 38270 38270 38270 38270 
