18511 49791 49563 49647 50902 49844 50456 49822 50399 49753 49893 50745 49823 50113 49827 51120 49444 50013 50517 50449 50236 49850 50451 50024 50265 50953 50338 49817 49807 50005 50273 50003 50485 49871 50077 50153 49830 50422 50497 50321 50394 49980 50544 49806 50030 50363 49880 50355 50186 49841 50502 50222 50649 50364 50151 49559 49717 49695 49854 49774 49779 50666 50471 49784 
49791 18511 50044 49919 50092 50449 49717 49767 50367 50126 50195 50366 50244 50133 50578 49628 50135 50062 50439 50252 50659 50278 50569 49802 49695 51098 50197 49728 50336 50346 51225 49942 50318 50104 49725 50490 50057 50199 50181 50460 50845 50660 50604 49549 50390 50545 50164 50902 50266 50418 50383 50345 50265 50141 50253 50312 49831 49799 49573 50139 50375 50106 50234 49609 
49563 50044 18511 49457 49995 49513 48978 49496 49602 49692 49135 49435 50021 49258 49932 49296 49256 49034 50210 49781 49991 49612 50097 49683 49880 50464 49798 49941 49990 49549 49711 49915 49477 49903 49729 49469 49672 50038 49876 49958 49639 49283 49765 49387 49321 49795 49752 49756 50249 50082 50134 49319 50364 49657 49589 49243 49212 49539 49560 49370 50191 50595 50099 49796 
49647 49919 49457 18511 50023 49748 49774 49471 50083 49636 49451 50077 49765 50116 49817 49733 49852 49768 49955 50328 49986 49384 49893 49627 49787 50833 50131 50185 49530 49625 50160 49821 50082 49441 49656 49568 49601 49848 50435 50077 49817 49546 49651 50068 50018 49788 50108 50591 49857 50046 49721 49531 50142 50069 50144 49219 49369 49552 49895 49699 49799 50091 49827 49849 
50902 50092 49995 50023 18511 50070 49698 49958 50109 49727 49603 50214 50648 49832 50499 49780 49675 49689 50281 50145 50164 49787 50569 49936 50386 50985 50351 50721 50304 49960 50769 50891 49968 49747 49680 50436 49821 50331 50878 50935 49998 49982 50558 49383 49886 50317 50079 50750 50532 49742 50050 49783 50484 50259 50412 49543 49556 49750 49645 49567 50141 49975 50385 49678 
49844 50449 49513 49748 50070 18511 49493 49294 49720 49448 49067 49808 50124 49499 49782 50032 49682 49511 49928 49884 49976 49972 49666 50435 49220 50489 49854 50055 49990 49875 50099 49854 50412 49648 49693 49645 49890 49612 49999 49698 49455 49792 49977 49355 49555 49661 49792 50543 50334 49862 49602 50218 50118 50191 49999 49974 49376 49113 49708 49708 49793 49829 49719 49365 
50456 49717 48978 49774 49698 49493 18511 49349 49933 49244 49568 49966 49711 49596 50108 49450 50100 49042 49611 49811 50191 49743 49908 49385 49110 50468 49672 49727 49619 49867 49763 49788 50128 49648 49738 49824 49931 49967 49797 49761 49976 49832 49655 49599 49401 50158 49743 50578 49967 50310 50439 49947 49982 49606 50127 49364 49395 49775 49390 49627 49986 49840 49741 49832 
49822 49767 49496 49471 49958 49294 49349 18511 49868 49243 49484 49605 49124 49817 49378 49322 49093 49483 49877 49832 49844 49049 50503 49455 49506 50410 49209 49590 49898 49567 49909 49649 49913 49071 49591 49516 50028 50877 49513 49909 49931 49685 49824 49850 49566 49648 49887 49914 50211 49523 49563 49438 50096 50096 49456 49734 49639 49200 49710 49229 49813 49933 49623 49335 
50399 50367 49602 50083 50109 49720 49933 49868 18511 49466 49974 49929 49904 49986 49881 49707 49645 49617 50801 49827 50784 49687 50085 49536 49818 50723 49730 50179 50123 50574 50377 50300 50333 50136 49884 50352 49460 50385 50758 49848 50992 50132 50860 49960 50324 50250 50176 50905 49654 49646 49887 49860 50374 49707 49795 49573 49480 50060 49520 49990 49917 50125 49971 49852 
49753 50126 49692 49636 49727 49448 49244 49243 49466 18511 49429 49368 50142 49434 49080 49310 49522 49397 49400 49602 49594 48590 49671 49482 49470 50020 49170 49574 49496 50105 49968 49387 49431 49062 48834 49814 48858 49557 50104 49648 49555 49652 49460 49393 49384 49476 49255 49925 49636 49246 49976 49190 49983 49492 50087 48951 48774 49580 49243 50244 49581 49803 49716 49341 
49893 50195 49135 49451 49603 49067 49568 49484 49974 49429 18511 50225 49376 49286 49636 49478 49248 49278 49762 49761 49599 49232 50057 49728 49587 50127 49899 49829 49830 49810 49924 49500 49562 49309 49427 49704 49476 49852 50294 50801 50011 49363 49755 49692 49455 49808 50021 49735 49773 49547 49936 49317 50019 49618 49229 49155 49751 49901 49805 49869 49898 49953 49825 49223 
50745 50366 49435 50077 50214 49808 49966 49605 49929 49368 50225 18511 49537 49912 49570 49908 49820 49703 49914 49764 49621 49413 49630 49872 49947 50280 50451 49823 49623 49575 50369 49869 49888 49537 49687 50001 49525 49791 50304 50096 50064 49931 49943 50185 49870 50150 50469 50128 50245 50038 50387 49837 50667 49653 49680 49726 49360 49663 49813 49903 49898 50667 50204 49876 
49823 50244 50021 49765 50648 50124 49711 49124 49904 50142 49376 49537 18511 49873 49556 49850 49755 49656 49696 49937 49945 50122 49837 50176 49826 50366 50355 50397 49608 49668 50278 49971 50123 49664 49417 49782 49345 49692 50677 50018 50162 49573 49916 50593 50093 50323 49958 50626 50065 49944 49592 49515 50217 49619 49472 49500 49614 49671 50000 49572 50090 49849 50514 49939 
50113 50133 49258 50116 49832 49499 49596 49817 49986 49434 49286 49912 49873 18511 49428 49403 49465 49667 49739 50097 50107 49670 49844 49407 49438 50413 49604 49660 50289 50296 50048 49731 49547 49621 49597 49423 49762 50046 50179 50360 49879 49556 50136 49385 49345 50281 50057 49920 49820 50024 49970 49369 49672 49874 49636 49261 49075 49637 49251 49155 49991 50003 49712 49037 
49827 50578 49932 49817 50499 49782 50108 49378 49881 49080 49636 49570 49556 49428 18511 50075 50015 50050 50342 49683 49757 49562 49409 49742 49604 50112 50368 50116 49729 49691 50403 49911 49909 49185 49523 49877 49946 49508 49954 49575 49599 50047 49922 50030 49505 50223 49973 50563 49977 49799 49660 50195 50037 49562 50155 49395 49620 49483 50467 50080 49620 49939 49930 50203 
51120 49628 49296 49733 49780 50032 49450 49322 49707 49310 49478 49908 49850 49403 50075 18511 50026 49917 49526 49700 49686 49353 49470 50027 49615 50711 49657 50432 49994 49589 49587 50174 49859 49396 50092 50547 49199 50302 50184 50060 50233 49476 50065 49462 49441 50350 49662 50076 49926 49539 49735 49579 49848 49746 50010 49719 49321 49341 49517 50106 49675 49716 50188 49629 
49444 50135 49256 49852 49675 49682 50100 49093 49645 49522 49248 49820 49755 49465 50015 50026 18511 49639 49719 49828 49598 49555 49891 49672 49645 50532 50255 50515 49553 49776 50479 50054 50194 49463 49514 49973 49319 49749 49865 50273 50024 50087 49758 49681 49443 49963 49576 50438 49908 49791 49770 49482 50034 49988 49980 49488 49506 49680 49442 49771 49677 49956 50486 49559 
50013 50062 49034 49768 49689 49511 49042 49483 49617 49397 49278 49703 49656 49667 50050 49917 49639 18511 49596 49457 49398 49535 49595 49654 49332 50228 49786 50155 49560 49384 50629 50194 49822 49184 49352 49599 49336 50489 49649 49805 49887 50139 49940 49413 49158 49648 49565 49700 49755 50518 49808 49771 49817 49928 49535 49402 49078 49597 49479 49858 50278 50000 49829 49712 
50517 50439 50210 49955 50281 49928 49611 49877 50801 49400 49762 49914 49696 49739 50342 49526 49719 49596 18511 49875 49916 50015 50278 49826 49791 50931 49857 50110 50083 50257 50338 49905 50404 49662 49926 49802 49443 50149 50402 50181 50497 50295 50458 49666 49885 51049 50017 50299 49860 49653 50270 50331 50621 49843 50075 49981 49574 50190 50000 49646 50152 50310 50666 49659 
50449 50252 49781 50328 50145 49884 49811 49832 49827 49602 49761 49764 49937 50097 49683 49700 49828 49457 49875 18511 50004 49511 49512 50437 49819 50437 49945 49996 50400 50095 50252 49885 50287 49685 49388 49932 49416 49963 50145 49804 50353 49662 49917 49764 49461 50457 50271 50171 50079 49990 49695 50001 50671 49791 50348 49406 49786 49806 49869 49828 50462 50298 49805 50202 
50236 50659 49991 49986 50164 49976 50191 49844 50784 49594 49599 49621 49945 50107 49757 49686 49598 49398 49916 50004 18511 49310 50011 50003 50094 51124 49626 50488 49708 50538 50587 50188 50364 49431 49564 49973 49842 50634 50368 50088 50368 49906 50595 49783 49885 50820 50138 50392 50390 49731 50149 49997 50495 50129 49743 49793 49363 50098 49755 50005 50205 50101 50249 49938 
49850 50278 49612 49384 49787 49972 49743 49049 49687 48590 49232 49413 50122 49670 49562 49353 49555 49535 50015 49511 49310 18511 49797 49514 49582 49885 49441 49753 49519 49965 49849 49355 49766 48645 49059 49419 48738 49264 49757 49594 49595 49473 49284 49261 49642 49317 49392 49576 49270 49846 49642 49197 49929 49437 49439 49664 49226 49380 49308 49932 49471 49536 49225 50277 
50451 50569 50097 49893 50569 49666 49908 50503 50085 49671 50057 49630 49837 49844 49409 49470 49891 49595 50278 49512 50011 49797 18511 49735 49721 50945 49761 49854 50049 50486 50364 49838 50168 49963 49723 49779 49584 49585 50461 49790 50604 49720 50168 49986 49626 50304 50242 50243 49901 50139 49946 49778 50232 50184 49977 49353 49291 50062 49743 49671 50087 50266 50004 49884 
50024 49802 49683 49627 49936 50435 49385 49455 49536 49482 49728 49872 50176 49407 49742 50027 49672 49654 49826 50437 50003 49514 49735 18511 49527 50223 49718 50331 49498 49634 50236 49834 50049 49393 49472 49371 49181 50059 49974 49921 49868 50106 49623 49100 49767 49997 49545 50666 50072 49787 50130 49486 49908 49986 49959 49685 49351 49785 49713 49727 50159 50055 49891 49431 
50265 49695 49880 49787 50386 49220 49110 49506 49818 49470 49587 49947 49826 49438 49604 49615 49645 49332 49791 49819 50094 49582 49721 49527 18511 50434 49437 49619 49332 49777 49656 49895 49711 49388 49652 49517 49478 50136 50201 50019 49772 49534 49597 49486 49664 49995 49483 49808 50305 49389 49519 49606 49895 49672 49563 49626 49559 49886 49498 49455 49606 49986 49924 49330 
50953 51098 50464 50833 50985 50489 50468 50410 50723 50020 50127 50280 50366 50413 50112 50711 50532 50228 50931 50437 51124 49885 50945 50223 50434 18511 51070 50510 50713 50542 51210 50497 50944 49830 50103 50363 50220 50990 50529 50697 50573 50415 50979 50635 50159 51301 50723 50700 51093 50886 50602 50120 50580 50421 50413 49976 50016 51030 50615 51070 50213 50661 50791 50265 
50338 50197 49798 50131 50351 49854 49672 49209 49730 49170 49899 50451 50355 49604 50368 49657 50255 49786 49857 49945 49626 49441 49761 49718 49437 51070 18511 49874 49498 50033 50879 50116 50091 49447 49364 49940 49491 49740 49932 49892 50026 50245 49525 49760 49618 50047 50143 50390 49981 49565 49642 50026 50482 49676 50011 49163 49480 49392 50106 49920 50215 50057 49682 49583 
49817 49728 49941 50185 50721 50055 49727 49590 50179 49574 49829 49823 50397 49660 50116 50432 50515 50155 50110 49996 50488 49753 49854 50331 49619 50510 49874 18511 49305 49923 50295 49708 50500 49432 49732 50020 49598 49873 49983 50156 50210 49846 49927 50102 49371 49789 49422 50472 50141 50080 50300 49673 50240 49903 49843 49987 49731 49248 49889 50396 50449 49923 49902 49658 
49807 50336 49990 49530 50304 49990 49619 49898 50123 49496 49830 49623 49608 50289 49729 49994 49553 49560 50083 50400 49708 49519 50049 49498 49332 50713 49498 49305 18511 49377 50230 49107 49778 49790 49554 49849 49335 49958 50255 49345 50110 49419 49962 49360 49751 49868 49286 49903 49360 49577 49800 49759 49907 49771 49614 49431 49377 49704 49300 49942 49947 50209 49933 49781 
50005 50346 49549 49625 49960 49875 49867 49567 50574 50105 49810 49575 49668 50296 49691 49589 49776 49384 50257 50095 50538 49965 50486 49634 49777 50542 50033 49923 49377 18511 49788 49360 49679 49251 49728 49569 49440 49720 50097 49771 50105 49423 50150 50030 49733 50063 49102 49936 49596 49611 49511 49779 49897 49831 49706 49451 49298 49647 49645 50246 49595 50653 50043 49506 
50273 51225 49711 50160 50769 50099 49763 49909 50377 49968 49924 50369 50278 50048 50403 49587 50479 50629 50338 50252 50587 49849 50364 50236 49656 51210 50879 50295 50230 49788 18511 50178 50214 49580 49675 50385 49622 50737 50258 50384 50252 50036 50577 49796 49721 50237 50494 50650 50470 50672 50299 50070 50563 50508 50420 50268 49905 49952 49820 50723 50419 51086 50448 50052 
50003 49942 49915 49821 50891 49854 49788 49649 50300 49387 49500 49869 49971 49731 49911 50174 50054 50194 49905 49885 50188 49355 49838 49834 49895 50497 50116 49708 49107 49360 50178 18511 49457 49459 49523 49778 49527 49975 49769 49587 50185 50148 49851 49725 49500 49546 49542 49607 49860 49734 50420 50226 50143 50522 49739 49745 49723 49199 49396 50465 50068 50151 49972 49696 
50485 50318 49477 50082 49968 50412 50128 49913 50333 49431 49562 49888 50123 49547 49909 49859 50194 49822 50404 50287 50364 49766 50168 50049 49711 50944 50091 50500 49778 49679 50214 49457 18511 49741 49369 49813 49211 50750 50580 50353 49866 50090 50285 49650 49557 49823 49798 50540 49909 49938 50082 50158 49892 50220 49996 49260 49572 49489 49714 50003 50074 50315 50049 50226 
49871 50104 49903 49441 49747 49648 49648 49071 50136 49062 49309 49537 49664 49621 49185 49396 49463 49184 49662 49685 49431 48645 49963 49393 49388 49830 49447 49432 49790 49251 49580 49459 49741 18511 49449 49671 48801 49128 49845 49276 49984 49199 49455 49530 49100 49761 49563 50065 49461 49333 49239 49221 49793 49486 49262 49709 49098 49551 49555 49695 49376 49756 49451 49285 
50077 49725 49729 49656 49680 49693 49738 49591 49884 48834 49427 49687 49417 49597 49523 50092 49514 49352 49926 49388 49564 49059 49723 49472 49652 50103 49364 49732 49554 49728 49675 49523 49369 49449 18511 49767 49028 50244 49607 49357 49904 49379 49415 49600 49600 50173 49530 49713 49501 49244 49554 49928 49729 49199 49243 49264 49889 49490 49745 49407 49635 50639 50150 49323 
50153 50490 49469 49568 50436 49645 49824 49516 50352 49814 49704 50001 49782 49423 49877 50547 49973 49599 49802 49932 49973 49419 49779 49371 49517 50363 49940 50020 49849 49569 50385 49778 49813 49671 49767 18511 49298 49915 50202 49828 49795 49294 49654 49531 49820 49979 49648 50073 49905 49475 50253 49684 49923 49527 49774 49291 49372 49690 49491 49379 49864 49916 50320 49144 
49830 50057 49672 49601 49821 49890 49931 50028 49460 48858 49476 49525 49345 49762 49946 49199 49319 49336 49443 49416 49842 48738 49584 49181 49478 50220 49491 49598 49335 49440 49622 49527 49211 48801 49028 49298 18511 49206 49901 49209 49998 49491 49500 49525 49523 49495 49469 50003 49404 49556 49811 49494 49985 49385 49297 48717 49058 49328 49630 49861 49720 50138 49242 49590 
50422 50199 50038 49848 50331 49612 49967 50877 50385 49557 49852 49791 49692 50046 49508 50302 49749 50489 50149 49963 50634 49264 49585 50059 50136 50990 49740 49873 49958 49720 50737 49975 50750 49128 50244 49915 49206 18511 50391 49832 50100 49730 49868 49778 49748 50662 50323 50842 50205 49680 49756 49565 50210 49582 50279 49191 49450 50106 49650 49582 49852 49851 50642 49736 
50497 50181 49876 50435 50878 49999 49797 49513 50758 50104 50294 50304 50677 50179 49954 50184 49865 49649 50402 50145 50368 49757 50461 49974 50201 50529 49932 49983 50255 50097 50258 49769 50580 49845 49607 50202 49901 50391 18511 50187 50493 49658 50385 49808 50068 50581 49991 50798 50545 49714 49580 49658 50938 50391 49979 49702 49837 49786 50158 50388 50388 50434 50527 50561 
50321 50460 49958 50077 50935 49698 49761 49909 49848 49648 50801 50096 50018 50360 49575 50060 50273 49805 50181 49804 50088 49594 49790 49921 50019 50697 49892 50156 49345 49771 50384 49587 50353 49276 49357 49828 49209 49832 50187 18511 50216 49575 49645 50037 49533 50217 49933 50836 49852 49894 49633 49576 50584 49560 49557 49338 49728 50149 49790 49922 49671 50584 50440 49526 
50394 50845 49639 49817 49998 49455 49976 49931 50992 49555 50011 50064 50162 49879 49599 50233 50024 49887 50497 50353 50368 49595 50604 49868 49772 50573 50026 50210 50110 50105 50252 50185 49866 49984 49904 49795 49998 50100 50493 50216 18511 49664 50064 49846 50222 51031 50429 50598 50444 49789 50459 50055 50837 50019 49719 49782 49890 50100 50044 50100 50053 50234 50211 50127 
49980 50660 49283 49546 49982 49792 49832 49685 50132 49652 49363 49931 49573 49556 50047 49476 50087 50139 50295 49662 49906 49473 49720 50106 49534 50415 50245 49846 49419 49423 50036 50148 50090 49199 49379 49294 49491 49730 49658 49575 49664 18511 49546 49186 49291 49857 49908 50194 50083 49656 49678 49605 49377 49745 49656 49574 50047 49540 49110 49564 49700 49484 49824 49583 
50544 50604 49765 49651 50558 49977 49655 49824 50860 49460 49755 49943 49916 50136 49922 50065 49758 49940 50458 49917 50595 49284 50168 49623 49597 50979 49525 49927 49962 50150 50577 49851 50285 49455 49415 49654 49500 49868 50385 49645 50064 49546 18511 50038 49958 49867 50304 50272 49900 49521 49759 50171 50521 49717 49814 49571 49395 50255 49892 50169 49977 50191 50910 50017 
49806 49549 49387 50068 49383 49355 49599 49850 49960 49393 49692 50185 50593 49385 50030 49462 49681 49413 49666 49764 49783 49261 49986 49100 49486 50635 49760 50102 49360 50030 49796 49725 49650 49530 49600 49531 49525 49778 49808 50037 49846 49186 50038 18511 49548 49855 49604 49746 49767 49290 49905 49260 49567 49531 49486 49314 49377 49552 49178 49964 49855 50139 49699 50067 
50030 50390 49321 50018 49886 49555 49401 49566 50324 49384 49455 49870 50093 49345 49505 49441 49443 49158 49885 49461 49885 49642 49626 49767 49664 50159 49618 49371 49751 49733 49721 49500 49557 49100 49600 49820 49523 49748 50068 49533 50222 49291 49958 49548 18511 49731 49762 49772 50094 49608 49294 50124 49667 50147 49652 50347 49437 49545 49541 49712 49662 49602 50153 49383 
50363 50545 49795 49788 50317 49661 50158 49648 50250 49476 49808 50150 50323 50281 50223 50350 49963 49648 51049 50457 50820 49317 50304 49997 49995 51301 50047 49789 49868 50063 50237 49546 49823 49761 50173 49979 49495 50662 50581 50217 51031 49857 49867 49855 49731 18511 49597 49976 50081 49740 50171 49888 50444 50345 49774 49565 49891 50101 49508 50011 50018 50344 50785 49791 
49880 50164 49752 50108 50079 49792 49743 49887 50176 49255 50021 50469 49958 50057 49973 49662 49576 49565 50017 50271 50138 49392 50242 49545 49483 50723 50143 49422 49286 49102 50494 49542 49798 49563 49530 49648 49469 50323 49991 49933 50429 49908 50304 49604 49762 49597 18511 49746 49573 49657 50005 49663 50346 49840 49582 49616 49535 49438 49665 49671 50318 50397 49987 49725 
50355 50902 49756 50591 50750 50543 50578 49914 50905 49925 49735 50128 50626 49920 50563 50076 50438 49700 50299 50171 50392 49576 50243 50666 49808 50700 50390 50472 49903 49936 50650 49607 50540 50065 49713 50073 50003 50842 50798 50836 50598 50194 50272 49746 49772 49976 49746 18511 50249 50426 50518 49668 50877 50299 50534 50230 49577 49736 50207 50303 50306 50360 50550 50012 
50186 50266 50249 49857 50532 50334 49967 50211 49654 49636 49773 50245 50065 49820 49977 49926 49908 49755 49860 50079 50390 49270 49901 50072 50305 51093 49981 50141 49360 49596 50470 49860 49909 49461 49501 49905 49404 50205 50545 49852 50444 50083 49900 49767 50094 50081 49573 50249 18511 50069 49723 49912 50518 50181 49772 49402 49170 49785 50189 49826 50152 50353 49758 49837 
49841 50418 50082 50046 49742 49862 50310 49523 49646 49246 49547 50038 49944 50024 49799 49539 49791 50518 49653 49990 49731 49846 50139 49787 49389 50886 49565 50080 49577 49611 50672 49734 49938 49333 49244 49475 49556 49680 49714 49894 49789 49656 49521 49290 49608 49740 49657 50426 50069 18511 50065 49377 49615 49449 49837 49688 49888 49558 49170 49662 49604 49883 49645 49538 
50502 50383 50134 49721 50050 49602 50439 49563 49887 49976 49936 50387 49592 49970 49660 49735 49770 49808 50270 49695 50149 49642 49946 50130 49519 50602 49642 50300 49800 49511 50299 50420 50082 49239 49554 50253 49811 49756 49580 49633 50459 49678 49759 49905 49294 50171 50005 50518 49723 50065 18511 49564 50288 49734 49605 49704 49456 49761 49810 49432 49651 49633 49745 49639 
50222 50345 49319 49531 49783 50218 49947 49438 49860 49190 49317 49837 49515 49369 50195 49579 49482 49771 50331 50001 49997 49197 49778 49486 49606 50120 50026 49673 49759 49779 50070 50226 50158 49221 49928 49684 49494 49565 49658 49576 50055 49605 50171 49260 50124 49888 49663 49668 49912 49377 49564 18511 49760 49959 49763 49272 49690 49372 49756 49722 50191 49623 50432 49238 
50649 50265 50364 50142 50484 50118 49982 50096 50374 49983 50019 50667 50217 49672 50037 49848 50034 49817 50621 50671 50495 49929 50232 49908 49895 50580 50482 50240 49907 49897 50563 50143 49892 49793 49729 49923 49985 50210 50938 50584 50837 49377 50521 49567 49667 50444 50346 50877 50518 49615 50288 49760 18511 51217 49683 49820 49748 50005 50025 49694 50200 50250 50307 50511 
50364 50141 49657 50069 50259 50191 49606 50096 49707 49492 49618 49653 49619 49874 49562 49746 49988 49928 49843 49791 50129 49437 50184 49986 49672 50421 49676 49903 49771 49831 50508 50522 50220 49486 49199 49527 49385 49582 50391 49560 50019 49745 49717 49531 50147 50345 49840 50299 50181 49449 49734 49959 51217 18511 49873 49912 49418 49945 50556 49722 49745 50310 50251 50258 
50151 50253 49589 50144 50412 49999 50127 49456 49795 50087 49229 49680 49472 49636 50155 50010 49980 49535 50075 50348 49743 49439 49977 49959 49563 50413 50011 49843 49614 49706 50420 49739 49996 49262 49243 49774 49297 50279 49979 49557 49719 49656 49814 49486 49652 49774 49582 50534 49772 49837 49605 49763 49683 49873 18511 49522 49218 49555 49457 49572 50314 50404 49649 49655 
49559 50312 49243 49219 49543 49974 49364 49734 49573 48951 49155 49726 49500 49261 49395 49719 49488 49402 49981 49406 49793 49664 49353 49685 49626 49976 49163 49987 49431 49451 50268 49745 49260 49709 49264 49291 48717 49191 49702 49338 49782 49574 49571 49314 50347 49565 49616 50230 49402 49688 49704 49272 49820 49912 49522 18511 49466 49180 49468 49477 49354 49787 49111 49460 
49717 49831 49212 49369 49556 49376 49395 49639 49480 48774 49751 49360 49614 49075 49620 49321 49506 49078 49574 49786 49363 49226 49291 49351 49559 50016 49480 49731 49377 49298 49905 49723 49572 49098 49889 49372 49058 49450 49837 49728 49890 50047 49395 49377 49437 49891 49535 49577 49170 49888 49456 49690 49748 49418 49218 49466 18511 49403 49672 49097 49387 50040 49304 49196 
49695 49799 49539 49552 49750 49113 49775 49200 50060 49580 49901 49663 49671 49637 49483 49341 49680 49597 50190 49806 50098 49380 50062 49785 49886 51030 49392 49248 49704 49647 49952 49199 49489 49551 49490 49690 49328 50106 49786 50149 50100 49540 50255 49552 49545 50101 49438 49736 49785 49558 49761 49372 50005 49945 49555 49180 49403 18511 49600 49683 49362 49794 49753 49701 
49854 49573 49560 49895 49645 49708 49390 49710 49520 49243 49805 49813 50000 49251 50467 49517 49442 49479 50000 49869 49755 49308 49743 49713 49498 50615 50106 49889 49300 49645 49820 49396 49714 49555 49745 49491 49630 49650 50158 49790 50044 49110 49892 49178 49541 49508 49665 50207 50189 49170 49810 49756 50025 50556 49457 49468 49672 49600 18511 49301 49711 50004 49747 49496 
49774 50139 49370 49699 49567 49708 49627 49229 49990 50244 49869 49903 49572 49155 50080 50106 49771 49858 49646 49828 50005 49932 49671 49727 49455 51070 49920 50396 49942 50246 50723 50465 50003 49695 49407 49379 49861 49582 50388 49922 50100 49564 50169 49964 49712 50011 49671 50303 49826 49662 49432 49722 49694 49722 49572 49477 49097 49683 49301 18511 49675 49967 49838 50202 
49779 50375 50191 49799 50141 49793 49986 49813 49917 49581 49898 49898 50090 49991 49620 49675 49677 50278 50152 50462 50205 49471 50087 50159 49606 50213 50215 50449 49947 49595 50419 50068 50074 49376 49635 49864 49720 49852 50388 49671 50053 49700 49977 49855 49662 50018 50318 50306 50152 49604 49651 50191 50200 49745 50314 49354 49387 49362 49711 49675 18511 49569 50192 49630 
50666 50106 50595 50091 49975 49829 49840 49933 50125 49803 49953 50667 49849 50003 49939 49716 49956 50000 50310 50298 50101 49536 50266 50055 49986 50661 50057 49923 50209 50653 51086 50151 50315 49756 50639 49916 50138 49851 50434 50584 50234 49484 50191 50139 49602 50344 50397 50360 50353 49883 49633 49623 50250 50310 50404 49787 50040 49794 50004 49967 49569 18511 50691 50230 
50471 50234 50099 49827 50385 49719 49741 49623 49971 49716 49825 50204 50514 49712 49930 50188 50486 49829 50666 49805 50249 49225 50004 49891 49924 50791 49682 49902 49933 50043 50448 49972 50049 49451 50150 50320 49242 50642 50527 50440 50211 49824 50910 49699 50153 50785 49987 50550 49758 49645 49745 50432 50307 50251 49649 49111 49304 49753 49747 49838 50192 50691 18511 49762 
49784 49609 49796 49849 49678 49365 49832 49335 49852 49341 49223 49876 49939 49037 50203 49629 49559 49712 49659 50202 49938 50277 49884 49431 49330 50265 49583 49658 49781 49506 50052 49696 50226 49285 49323 49144 49590 49736 50561 49526 50127 49583 50017 50067 49383 49791 49725 50012 49837 49538 49639 49238 50511 50258 49655 49460 49196 49701 49496 50202 49630 50230 49762 18511 
