20375 54773 55055 54581 55644 54619 55196 54329 54997 54553 54979 54936 54785 54679 54558 54666 54550 54970 54659 55057 55013 55015 55013 54701 55116 54758 54125 54526 54525 54569 54788 54652 54338 54651 54715 54864 55028 55183 54867 54283 55219 54824 55626 55084 54903 55004 54666 55666 55009 54821 54946 54604 54894 54560 54888 54836 55325 54723 54967 54946 54929 55053 54585 55285 136022 40750 40750 40750 40750 40750 40750 40750 40750 40750 40750 40750 40750 40750 40750 40750 40750 40750 40750 40750 40750 40750 40750 40750 40750 40750 40750 40750 40750 40750 40750 40750 40750 40750 40750 40750 40750 40750 40750 40750 40750 40750 40750 40750 40750 40750 40750 40750 40750 40750 40750 40750 40750 40750 40750 40750 40750 40750 40750 40750 40750 40750 40750 40750 138409 40750 40750 40750 40750 40750 40750 40750 40750 40750 40750 40750 40750 40750 40750 40750 40750 40750 40750 40750 40750 40750 40750 40750 40750 40750 40750 40750 40750 40750 40750 40750 40750 40750 40750 40750 40750 40750 40750 40750 40750 40750 40750 40750 40750 40750 40750 40750 40750 40750 40750 40750 40750 40750 40750 40750 40750 40750 40750 40750 40750 40750 40750 40750 135767 40750 40750 40750 40750 40750 40750 40750 40750 40750 40750 40750 40750 40750 40750 40750 40750 40750 40750 40750 40750 40750 40750 40750 40750 40750 40750 40750 40750 40750 40750 40750 40750 40750 40750 40750 40750 40750 40750 40750 40750 40750 40750 40750 40750 40750 40750 40750 40750 40750 40750 40750 40750 40750 40750 40750 40750 40750 40750 40750 40750 40750 40750 40750 
54773 20375 55187 54711 55601 54615 55046 54431 55053 54515 54687 54905 54757 54823 54939 54696 54907 54792 54881 55151 55069 55335 54654 54920 55428 54915 54336 54726 54388 54544 54557 54456 54827 54566 55120 54825 54744 54907 55337 54602 55719 54375 54581 55393 54641 54889 54632 55183 55262 54570 54630 54856 55427 54738 55061 54547 54684 54777 54787 55072 54892 54918 54241 55184 40750 138213 40750 40750 40750 40750 40750 40750 40750 40750 40750 40750 40750 40750 40750 40750 40750 40750 40750 40750 40750 40750 40750 40750 40750 40750 40750 40750 40750 40750 40750 40750 40750 40750 40750 40750 40750 40750 40750 40750 40750 40750 40750 40750 40750 40750 40750 40750 40750 40750 40750 40750 40750 40750 40750 40750 40750 40750 40750 40750 40750 40750 40750 40750 40750 136063 40750 40750 40750 40750 40750 40750 40750 40750 40750 40750 40750 40750 40750 40750 40750 40750 40750 40750 40750 40750 40750 40750 40750 40750 40750 40750 40750 40750 40750 40750 40750 40750 40750 40750 40750 40750 40750 40750 40750 40750 40750 40750 40750 40750 40750 40750 40750 40750 40750 40750 40750 40750 40750 40750 40750 40750 40750 40750 40750 40750 40750 40750 40750 133346 40750 40750 40750 40750 40750 40750 40750 40750 40750 40750 40750 40750 40750 40750 40750 40750 40750 40750 40750 40750 40750 40750 40750 40750 40750 40750 40750 40750 40750 40750 40750 40750 40750 40750 40750 40750 40750 40750 40750 40750 40750 40750 40750 40750 40750 40750 40750 40750 40750 40750 40750 40750 40750 40750 40750 40750 40750 40750 40750 40750 40750 40750 
55055 55187 20375 54663 55597 54621 54861 54446 54823 54834 54890 55044 55480 54509 55522 54902 54915 54932 55041 55549 54983 54840 55133 54893 55353 54903 54985 55429 54632 54462 54525 54662 54979 54998 55206 55080 54566 55306 54994 54636 55698 54621 54684 56149 54958 54840 54729 55302 55480 54437 54580 54877 55855 54926 55402 54796 54893 54753 55099 55052 54638 54867 55273 55361 40750 40750 140939 40750 40750 40750 40750 40750 40750 40750 40750 40750 40750 40750 40750 40750 40750 40750 40750 40750 40750 40750 40750 40750 40750 40750 40750 40750 40750 40750 40750 40750 40750 40750 40750 40750 40750 40750 40750 40750 40750 40750 40750 40750 40750 40750 40750 40750 40750 40750 40750 40750 40750 40750 40750 40750 40750 40750 40750 40750 40750 40750 40750 40750 40750 40750 139368 40750 40750 40750 40750 40750 40750 40750 40750 40750 40750 40750 40750 40750 40750 40750 40750 40750 40750 40750 40750 40750 40750 40750 40750 40750 40750 40750 40750 40750 40750 40750 40750 40750 40750 40750 40750 40750 40750 40750 40750 40750 40750 40750 40750 40750 40750 40750 40750 40750 40750 40750 40750 40750 40750 40750 40750 40750 40750 40750 40750 40750 40750 40750 135348 40750 40750 40750 40750 40750 40750 40750 40750 40750 40750 40750 40750 40750 40750 40750 40750 40750 40750 40750 40750 40750 40750 40750 40750 40750 40750 40750 40750 40750 40750 40750 40750 40750 40750 40750 40750 40750 40750 40750 40750 40750 40750 40750 40750 40750 40750 40750 40750 40750 40750 40750 40750 40750 40750 40750 40750 40750 40750 40750 40750 40750 
54581 54711 54663 20375 55096 54504 54947 54229 54334 54293 54267 54312 54554 54118 54086 54556 54454 54468 54791 54497 54226 54720 54270 54224 54817 54767 54164 55067 54725 54591 54041 54380 54277 54644 54835 54862 54428 54842 55194 54633 54969 54398 54511 54733 54989 54558 54307 54818 54649 54897 54715 54279 55513 54292 54291 54236 54530 54692 54466 54536 54668 54488 54429 55059 40750 40750 40750 131028 40750 40750 40750 40750 40750 40750 40750 40750 40750 40750 40750 40750 40750 40750 40750 40750 40750 40750 40750 40750 40750 40750 40750 40750 40750 40750 40750 40750 40750 40750 40750 40750 40750 40750 40750 40750 40750 40750 40750 40750 40750 40750 40750 40750 40750 40750 40750 40750 40750 40750 40750 40750 40750 40750 40750 40750 40750 40750 40750 40750 40750 40750 40750 132905 40750 40750 40750 40750 40750 40750 40750 40750 40750 40750 40750 40750 40750 40750 40750 40750 40750 40750 40750 40750 40750 40750 40750 40750 40750 40750 40750 40750 40750 40750 40750 40750 40750 40750 40750 40750 40750 40750 40750 40750 40750 40750 40750 40750 40750 40750 40750 40750 40750 40750 40750 40750 40750 40750 40750 40750 40750 40750 40750 40750 40750 40750 40750 128178 40750 40750 40750 40750 40750 40750 40750 40750 40750 40750 40750 40750 40750 40750 40750 40750 40750 40750 40750 40750 40750 40750 40750 40750 40750 40750 40750 40750 40750 40750 40750 40750 40750 40750 40750 40750 40750 40750 40750 40750 40750 40750 40750 40750 40750 40750 40750 40750 40750 40750 40750 40750 40750 40750 40750 40750 40750 40750 40750 40750 
55644 55601 55597 55096 20375 55340 55139 55038 55741 55061 55386 55338 55724 55343 54946 55732 55388 55174 55232 55583 55076 55287 55264 55180 55600 55618 55381 55504 55320 54913 54900 55082 55589 55342 55640 55624 54702 55556 56089 54920 55911 55325 55504 55878 55109 55185 54930 55777 55234 55424 55231 55154 56014 55326 55604 55025 55846 55355 55186 55418 55298 54869 54820 55668 40750 40750 40750 40750 146106 40750 40750 40750 40750 40750 40750 40750 40750 40750 40750 40750 40750 40750 40750 40750 40750 40750 40750 40750 40750 40750 40750 40750 40750 40750 40750 40750 40750 40750 40750 40750 40750 40750 40750 40750 40750 40750 40750 40750 40750 40750 40750 40750 40750 40750 40750 40750 40750 40750 40750 40750 40750 40750 40750 40750 40750 40750 40750 40750 40750 40750 40750 40750 145280 40750 40750 40750 40750 40750 40750 40750 40750 40750 40750 40750 40750 40750 40750 40750 40750 40750 40750 40750 40750 40750 40750 40750 40750 40750 40750 40750 40750 40750 40750 40750 40750 40750 40750 40750 40750 40750 40750 40750 40750 40750 40750 40750 40750 40750 40750 40750 40750 40750 40750 40750 40750 40750 40750 40750 40750 40750 40750 40750 40750 40750 40750 40750 141690 40750 40750 40750 40750 40750 40750 40750 40750 40750 40750 40750 40750 40750 40750 40750 40750 40750 40750 40750 40750 40750 40750 40750 40750 40750 40750 40750 40750 40750 40750 40750 40750 40750 40750 40750 40750 40750 40750 40750 40750 40750 40750 40750 40750 40750 40750 40750 40750 40750 40750 40750 40750 40750 40750 40750 40750 40750 40750 40750 
54619 54615 54621 54504 55340 20375 54572 55311 54794 54645 54661 55001 54485 54453 54858 54394 54456 54533 54769 54846 54301 54585 54785 54583 54608 54807 54783 54582 54599 54307 54269 54532 54530 54721 54559 54509 54536 54733 54689 54920 55081 54567 54763 55554 54549 54795 54467 54591 55095 55148 54388 54455 55155 54712 55689 54806 54430 54415 54303 54497 54295 54465 54229 55071 40750 40750 40750 40750 40750 136085 40750 40750 40750 40750 40750 40750 40750 40750 40750 40750 40750 40750 40750 40750 40750 40750 40750 40750 40750 40750 40750 40750 40750 40750 40750 40750 40750 40750 40750 40750 40750 40750 40750 40750 40750 40750 40750 40750 40750 40750 40750 40750 40750 40750 40750 40750 40750 40750 40750 40750 40750 40750 40750 40750 40750 40750 40750 40750 40750 40750 40750 40750 40750 137784 40750 40750 40750 40750 40750 40750 40750 40750 40750 40750 40750 40750 40750 40750 40750 40750 40750 40750 40750 40750 40750 40750 40750 40750 40750 40750 40750 40750 40750 40750 40750 40750 40750 40750 40750 40750 40750 40750 40750 40750 40750 40750 40750 40750 40750 40750 40750 40750 40750 40750 40750 40750 40750 40750 40750 40750 40750 40750 40750 40750 40750 40750 40750 127414 40750 40750 40750 40750 40750 40750 40750 40750 40750 40750 40750 40750 40750 40750 40750 40750 40750 40750 40750 40750 40750 40750 40750 40750 40750 40750 40750 40750 40750 40750 40750 40750 40750 40750 40750 40750 40750 40750 40750 40750 40750 40750 40750 40750 40750 40750 40750 40750 40750 40750 40750 40750 40750 40750 40750 40750 40750 40750 
55196 55046 54861 54947 55139 54572 20375 54681 55046 55063 54712 55034 54729 54761 54651 54725 54795 54462 54796 54966 54570 54816 54856 54477 54848 55290 55108 54724 55274 54551 54574 54795 54599 54497 54501 54741 54501 54530 55281 54491 55373 54235 54605 54944 54519 55031 54410 55037 54974 55018 54307 54794 55105 54100 54741 54893 54919 54747 54669 54715 54871 54769 54889 54994 40750 40750 40750 40750 40750 40750 147238 40750 40750 40750 40750 40750 40750 40750 40750 40750 40750 40750 40750 40750 40750 40750 40750 40750 40750 40750 40750 40750 40750 40750 40750 40750 40750 40750 40750 40750 40750 40750 40750 40750 40750 40750 40750 40750 40750 40750 40750 40750 40750 40750 40750 40750 40750 40750 40750 40750 40750 40750 40750 40750 40750 40750 40750 40750 40750 40750 40750 40750 40750 40750 129320 40750 40750 40750 40750 40750 40750 40750 40750 40750 40750 40750 40750 40750 40750 40750 40750 40750 40750 40750 40750 40750 40750 40750 40750 40750 40750 40750 40750 40750 40750 40750 40750 40750 40750 40750 40750 40750 40750 40750 40750 40750 40750 40750 40750 40750 40750 40750 40750 40750 40750 40750 40750 40750 40750 40750 40750 40750 40750 40750 40750 40750 40750 40750 129037 40750 40750 40750 40750 40750 40750 40750 40750 40750 40750 40750 40750 40750 40750 40750 40750 40750 40750 40750 40750 40750 40750 40750 40750 40750 40750 40750 40750 40750 40750 40750 40750 40750 40750 40750 40750 40750 40750 40750 40750 40750 40750 40750 40750 40750 40750 40750 40750 40750 40750 40750 40750 40750 40750 40750 40750 40750 
54329 54431 54446 54229 55038 55311 54681 20375 54533 54014 54441 54551 54172 54337 54427 54569 54343 54342 54234 54326 54369 54245 54720 54586 54854 54825 54681 54444 54718 54129 54165 54510 54325 54789 54295 54268 54303 54658 54435 54188 54280 54296 55097 54818 54665 54845 54112 54710 54356 54447 54379 53808 55008 54121 54170 54377 54382 54188 54622 54329 54550 54332 54178 54793 40750 40750 40750 40750 40750 40750 40750 132235 40750 40750 40750 40750 40750 40750 40750 40750 40750 40750 40750 40750 40750 40750 40750 40750 40750 40750 40750 40750 40750 40750 40750 40750 40750 40750 40750 40750 40750 40750 40750 40750 40750 40750 40750 40750 40750 40750 40750 40750 40750 40750 40750 40750 40750 40750 40750 40750 40750 40750 40750 40750 40750 40750 40750 40750 40750 40750 40750 40750 40750 40750 40750 126781 40750 40750 40750 40750 40750 40750 40750 40750 40750 40750 40750 40750 40750 40750 40750 40750 40750 40750 40750 40750 40750 40750 40750 40750 40750 40750 40750 40750 40750 40750 40750 40750 40750 40750 40750 40750 40750 40750 40750 40750 40750 40750 40750 40750 40750 40750 40750 40750 40750 40750 40750 40750 40750 40750 40750 40750 40750 40750 40750 40750 40750 40750 40750 130010 40750 40750 40750 40750 40750 40750 40750 40750 40750 40750 40750 40750 40750 40750 40750 40750 40750 40750 40750 40750 40750 40750 40750 40750 40750 40750 40750 40750 40750 40750 40750 40750 40750 40750 40750 40750 40750 40750 40750 40750 40750 40750 40750 40750 40750 40750 40750 40750 40750 40750 40750 40750 40750 40750 40750 40750 
54997 55053 54823 54334 55741 54794 55046 54533 20375 54870 54711 54912 54906 54455 54826 54882 54562 54604 55158 55487 54374 54979 54941 55105 55062 55384 54697 54771 54872 54976 54385 54467 54916 54809 55250 55009 54539 55492 54871 54530 55380 55092 54787 55283 54609 54990 54789 55431 54946 55265 54626 54719 55580 54636 54911 54733 55636 54874 55380 54879 54814 54763 54827 55043 40750 40750 40750 40750 40750 40750 40750 40750 136343 40750 40750 40750 40750 40750 40750 40750 40750 40750 40750 40750 40750 40750 40750 40750 40750 40750 40750 40750 40750 40750 40750 40750 40750 40750 40750 40750 40750 40750 40750 40750 40750 40750 40750 40750 40750 40750 40750 40750 40750 40750 40750 40750 40750 40750 40750 40750 40750 40750 40750 40750 40750 40750 40750 40750 40750 40750 40750 40750 40750 40750 40750 40750 136695 40750 40750 40750 40750 40750 40750 40750 40750 40750 40750 40750 40750 40750 40750 40750 40750 40750 40750 40750 40750 40750 40750 40750 40750 40750 40750 40750 40750 40750 40750 40750 40750 40750 40750 40750 40750 40750 40750 40750 40750 40750 40750 40750 40750 40750 40750 40750 40750 40750 40750 40750 40750 40750 40750 40750 40750 40750 40750 40750 40750 40750 40750 40750 129443 40750 40750 40750 40750 40750 40750 40750 40750 40750 40750 40750 40750 40750 40750 40750 40750 40750 40750 40750 40750 40750 40750 40750 40750 40750 40750 40750 40750 40750 40750 40750 40750 40750 40750 40750 40750 40750 40750 40750 40750 40750 40750 40750 40750 40750 40750 40750 40750 40750 40750 40750 40750 40750 40750 40750 
54553 54515 54834 54293 55061 54645 55063 54014 54870 20375 54269 54288 54617 53987 54233 54593 54141 54043 54524 54180 54554 54207 54861 54191 54604 54677 54885 54496 54797 54289 54182 53894 54142 54507 54709 54843 54097 54731 54570 53942 54638 54077 54154 54808 54462 54675 54193 54801 54289 54416 54319 53972 54364 53946 54735 54268 54468 54244 54150 54357 54334 54638 54180 54629 40750 40750 40750 40750 40750 40750 40750 40750 40750 121020 40750 40750 40750 40750 40750 40750 40750 40750 40750 40750 40750 40750 40750 40750 40750 40750 40750 40750 40750 40750 40750 40750 40750 40750 40750 40750 40750 40750 40750 40750 40750 40750 40750 40750 40750 40750 40750 40750 40750 40750 40750 40750 40750 40750 40750 40750 40750 40750 40750 40750 40750 40750 40750 40750 40750 40750 40750 40750 40750 40750 40750 40750 40750 125693 40750 40750 40750 40750 40750 40750 40750 40750 40750 40750 40750 40750 40750 40750 40750 40750 40750 40750 40750 40750 40750 40750 40750 40750 40750 40750 40750 40750 40750 40750 40750 40750 40750 40750 40750 40750 40750 40750 40750 40750 40750 40750 40750 40750 40750 40750 40750 40750 40750 40750 40750 40750 40750 40750 40750 40750 40750 40750 40750 40750 40750 40750 40750 124120 40750 40750 40750 40750 40750 40750 40750 40750 40750 40750 40750 40750 40750 40750 40750 40750 40750 40750 40750 40750 40750 40750 40750 40750 40750 40750 40750 40750 40750 40750 40750 40750 40750 40750 40750 40750 40750 40750 40750 40750 40750 40750 40750 40750 40750 40750 40750 40750 40750 40750 40750 40750 40750 40750 
54979 54687 54890 54267 55386 54661 54712 54441 54711 54269 20375 54722 54880 54551 54552 54009 54592 54537 54576 55183 54770 54587 54792 54897 54809 54419 54162 54861 54352 54796 54198 54311 54341 54019 55284 54864 53831 55114 54499 54741 54731 54042 54375 54912 54446 54906 54352 55151 55329 54634 54198 54473 55092 54410 54711 54518 54862 54946 54341 54670 54850 54845 54429 54680 40750 40750 40750 40750 40750 40750 40750 40750 40750 40750 128678 40750 40750 40750 40750 40750 40750 40750 40750 40750 40750 40750 40750 40750 40750 40750 40750 40750 40750 40750 40750 40750 40750 40750 40750 40750 40750 40750 40750 40750 40750 40750 40750 40750 40750 40750 40750 40750 40750 40750 40750 40750 40750 40750 40750 40750 40750 40750 40750 40750 40750 40750 40750 40750 40750 40750 40750 40750 40750 40750 40750 40750 40750 40750 127641 40750 40750 40750 40750 40750 40750 40750 40750 40750 40750 40750 40750 40750 40750 40750 40750 40750 40750 40750 40750 40750 40750 40750 40750 40750 40750 40750 40750 40750 40750 40750 40750 40750 40750 40750 40750 40750 40750 40750 40750 40750 40750 40750 40750 40750 40750 40750 40750 40750 40750 40750 40750 40750 40750 40750 40750 40750 40750 40750 40750 40750 40750 40750 122909 40750 40750 40750 40750 40750 40750 40750 40750 40750 40750 40750 40750 40750 40750 40750 40750 40750 40750 40750 40750 40750 40750 40750 40750 40750 40750 40750 40750 40750 40750 40750 40750 40750 40750 40750 40750 40750 40750 40750 40750 40750 40750 40750 40750 40750 40750 40750 40750 40750 40750 40750 40750 40750 
54936 54905 55044 54312 55338 55001 55034 54551 54912 54288 54722 20375 55108 54425 54533 54541 53873 54574 54692 54816 54865 54404 54275 54509 55047 54863 54194 54640 54765 54561 54267 54051 54223 54680 54515 54313 54388 54924 54976 54543 54938 54489 54637 55353 54180 54735 54521 55093 54862 54542 54272 54487 54975 54675 54760 54481 54539 54564 54133 54846 54644 55090 54266 55144 40750 40750 40750 40750 40750 40750 40750 40750 40750 40750 40750 125930 40750 40750 40750 40750 40750 40750 40750 40750 40750 40750 40750 40750 40750 40750 40750 40750 40750 40750 40750 40750 40750 40750 40750 40750 40750 40750 40750 40750 40750 40750 40750 40750 40750 40750 40750 40750 40750 40750 40750 40750 40750 40750 40750 40750 40750 40750 40750 40750 40750 40750 40750 40750 40750 40750 40750 40750 40750 40750 40750 40750 40750 40750 40750 132205 40750 40750 40750 40750 40750 40750 40750 40750 40750 40750 40750 40750 40750 40750 40750 40750 40750 40750 40750 40750 40750 40750 40750 40750 40750 40750 40750 40750 40750 40750 40750 40750 40750 40750 40750 40750 40750 40750 40750 40750 40750 40750 40750 40750 40750 40750 40750 40750 40750 40750 40750 40750 40750 40750 40750 40750 40750 40750 40750 40750 40750 40750 40750 122460 40750 40750 40750 40750 40750 40750 40750 40750 40750 40750 40750 40750 40750 40750 40750 40750 40750 40750 40750 40750 40750 40750 40750 40750 40750 40750 40750 40750 40750 40750 40750 40750 40750 40750 40750 40750 40750 40750 40750 40750 40750 40750 40750 40750 40750 40750 40750 40750 40750 40750 40750 40750 
54785 54757 55480 54554 55724 54485 54729 54172 54906 54617 54880 55108 20375 54817 54911 54370 54564 54703 54714 55084 54724 54547 54758 54758 54985 54919 54462 54730 54617 54976 54517 54512 54729 54826 54762 54739 54473 55377 54783 54683 55212 54226 54495 54982 54513 54696 54220 54900 54625 54670 54949 54633 55321 54368 54695 54233 54606 54890 54509 54567 54699 54652 54885 54973 40750 40750 40750 40750 40750 40750 40750 40750 40750 40750 40750 40750 126998 40750 40750 40750 40750 40750 40750 40750 40750 40750 40750 40750 40750 40750 40750 40750 40750 40750 40750 40750 40750 40750 40750 40750 40750 40750 40750 40750 40750 40750 40750 40750 40750 40750 40750 40750 40750 40750 40750 40750 40750 40750 40750 40750 40750 40750 40750 40750 40750 40750 40750 40750 40750 40750 40750 40750 40750 40750 40750 40750 40750 40750 40750 40750 136191 40750 40750 40750 40750 40750 40750 40750 40750 40750 40750 40750 40750 40750 40750 40750 40750 40750 40750 40750 40750 40750 40750 40750 40750 40750 40750 40750 40750 40750 40750 40750 40750 40750 40750 40750 40750 40750 40750 40750 40750 40750 40750 40750 40750 40750 40750 40750 40750 40750 40750 40750 40750 40750 40750 40750 40750 40750 40750 40750 40750 40750 40750 40750 126274 40750 40750 40750 40750 40750 40750 40750 40750 40750 40750 40750 40750 40750 40750 40750 40750 40750 40750 40750 40750 40750 40750 40750 40750 40750 40750 40750 40750 40750 40750 40750 40750 40750 40750 40750 40750 40750 40750 40750 40750 40750 40750 40750 40750 40750 40750 40750 40750 40750 40750 40750 
54679 54823 54509 54118 55343 54453 54761 54337 54455 53987 54551 54425 54817 20375 54252 54487 54305 54547 54475 54630 54553 54341 54416 54590 54505 55170 54389 54555 54404 54295 54243 54222 54965 54420 54522 54786 53794 54381 54609 54407 54850 54151 54565 54663 54197 54533 54066 55010 54815 54223 54565 54505 54754 54422 54726 54244 54884 54452 54183 54366 54322 54746 54375 54447 40750 40750 40750 40750 40750 40750 40750 40750 40750 40750 40750 40750 40750 123932 40750 40750 40750 40750 40750 40750 40750 40750 40750 40750 40750 40750 40750 40750 40750 40750 40750 40750 40750 40750 40750 40750 40750 40750 40750 40750 40750 40750 40750 40750 40750 40750 40750 40750 40750 40750 40750 40750 40750 40750 40750 40750 40750 40750 40750 40750 40750 40750 40750 40750 40750 40750 40750 40750 40750 40750 40750 40750 40750 40750 40750 40750 40750 131300 40750 40750 40750 40750 40750 40750 40750 40750 40750 40750 40750 40750 40750 40750 40750 40750 40750 40750 40750 40750 40750 40750 40750 40750 40750 40750 40750 40750 40750 40750 40750 40750 40750 40750 40750 40750 40750 40750 40750 40750 40750 40750 40750 40750 40750 40750 40750 40750 40750 40750 40750 40750 40750 40750 40750 40750 40750 40750 40750 40750 40750 40750 40750 119940 40750 40750 40750 40750 40750 40750 40750 40750 40750 40750 40750 40750 40750 40750 40750 40750 40750 40750 40750 40750 40750 40750 40750 40750 40750 40750 40750 40750 40750 40750 40750 40750 40750 40750 40750 40750 40750 40750 40750 40750 40750 40750 40750 40750 40750 40750 40750 40750 40750 40750 
54558 54939 55522 54086 54946 54858 54651 54427 54826 54233 54552 54533 54911 54252 20375 54433 54494 54346 55013 54875 54547 54093 54214 54732 55109 54429 54677 54937 54712 54511 54812 54169 54608 54481 54270 54380 54140 54590 54623 54472 54985 53913 54306 54882 54568 54523 54060 54741 54348 54430 54203 54143 54904 54240 54704 54530 54846 54625 53762 54505 54863 54542 54102 54761 40750 40750 40750 40750 40750 40750 40750 40750 40750 40750 40750 40750 40750 40750 122109 40750 40750 40750 40750 40750 40750 40750 40750 40750 40750 40750 40750 40750 40750 40750 40750 40750 40750 40750 40750 40750 40750 40750 40750 40750 40750 40750 40750 40750 40750 40750 40750 40750 40750 40750 40750 40750 40750 40750 40750 40750 40750 40750 40750 40750 40750 40750 40750 40750 40750 40750 40750 40750 40750 40750 40750 40750 40750 40750 40750 40750 40750 40750 133389 40750 40750 40750 40750 40750 40750 40750 40750 40750 40750 40750 40750 40750 40750 40750 40750 40750 40750 40750 40750 40750 40750 40750 40750 40750 40750 40750 40750 40750 40750 40750 40750 40750 40750 40750 40750 40750 40750 40750 40750 40750 40750 40750 40750 40750 40750 40750 40750 40750 40750 40750 40750 40750 40750 40750 40750 40750 40750 40750 40750 40750 40750 40750 131777 40750 40750 40750 40750 40750 40750 40750 40750 40750 40750 40750 40750 40750 40750 40750 40750 40750 40750 40750 40750 40750 40750 40750 40750 40750 40750 40750 40750 40750 40750 40750 40750 40750 40750 40750 40750 40750 40750 40750 40750 40750 40750 40750 40750 40750 40750 40750 40750 40750 
54666 54696 54902 54556 55732 54394 54725 54569 54882 54593 54009 54541 54370 54487 54433 20375 54327 54454 54663 54447 54415 54320 54668 54345 54676 54667 54578 54577 54392 54372 53817 54383 54975 55043 55006 54864 54799 54627 54605 54264 55217 54093 54081 54850 54596 54855 54259 54885 54644 54691 54159 54068 55219 54351 54361 53951 54474 54328 54020 54675 54505 54413 53752 54643 40750 40750 40750 40750 40750 40750 40750 40750 40750 40750 40750 40750 40750 40750 40750 125665 40750 40750 40750 40750 40750 40750 40750 40750 40750 40750 40750 40750 40750 40750 40750 40750 40750 40750 40750 40750 40750 40750 40750 40750 40750 40750 40750 40750 40750 40750 40750 40750 40750 40750 40750 40750 40750 40750 40750 40750 40750 40750 40750 40750 40750 40750 40750 40750 40750 40750 40750 40750 40750 40750 40750 40750 40750 40750 40750 40750 40750 40750 40750 131131 40750 40750 40750 40750 40750 40750 40750 40750 40750 40750 40750 40750 40750 40750 40750 40750 40750 40750 40750 40750 40750 40750 40750 40750 40750 40750 40750 40750 40750 40750 40750 40750 40750 40750 40750 40750 40750 40750 40750 40750 40750 40750 40750 40750 40750 40750 40750 40750 40750 40750 40750 40750 40750 40750 40750 40750 40750 40750 40750 40750 40750 40750 40750 129761 40750 40750 40750 40750 40750 40750 40750 40750 40750 40750 40750 40750 40750 40750 40750 40750 40750 40750 40750 40750 40750 40750 40750 40750 40750 40750 40750 40750 40750 40750 40750 40750 40750 40750 40750 40750 40750 40750 40750 40750 40750 40750 40750 40750 40750 40750 40750 40750 
54550 54907 54915 54454 55388 54456 54795 54343 54562 54141 54592 53873 54564 54305 54494 54327 20375 54324 54838 54342 54429 53949 54229 54428 54964 54314 54288 54581 54660 54313 53953 54411 54353 54349 54612 54797 54401 54500 54715 54243 54758 54426 55030 55118 54258 54542 54241 54834 54573 54225 54307 54375 55025 54478 54197 54169 54756 54520 54705 54282 54554 54900 54512 55494 40750 40750 40750 40750 40750 40750 40750 40750 40750 40750 40750 40750 40750 40750 40750 40750 130941 40750 40750 40750 40750 40750 40750 40750 40750 40750 40750 40750 40750 40750 40750 40750 40750 40750 40750 40750 40750 40750 40750 40750 40750 40750 40750 40750 40750 40750 40750 40750 40750 40750 40750 40750 40750 40750 40750 40750 40750 40750 40750 40750 40750 40750 40750 40750 40750 40750 40750 40750 40750 40750 40750 40750 40750 40750 40750 40750 40750 40750 40750 40750 127862 40750 40750 40750 40750 40750 40750 40750 40750 40750 40750 40750 40750 40750 40750 40750 40750 40750 40750 40750 40750 40750 40750 40750 40750 40750 40750 40750 40750 40750 40750 40750 40750 40750 40750 40750 40750 40750 40750 40750 40750 40750 40750 40750 40750 40750 40750 40750 40750 40750 40750 40750 40750 40750 40750 40750 40750 40750 40750 40750 40750 40750 40750 40750 123190 40750 40750 40750 40750 40750 40750 40750 40750 40750 40750 40750 40750 40750 40750 40750 40750 40750 40750 40750 40750 40750 40750 40750 40750 40750 40750 40750 40750 40750 40750 40750 40750 40750 40750 40750 40750 40750 40750 40750 40750 40750 40750 40750 40750 40750 40750 40750 
54970 54792 54932 54468 55174 54533 54462 54342 54604 54043 54537 54574 54703 54547 54346 54454 54324 20375 54998 54377 54438 54403 54272 54465 54866 54875 54352 54603 54817 54136 54399 54563 54344 54747 54578 54922 54861 54622 55116 54363 54936 54824 54814 54891 54432 55059 54426 54682 54395 54302 54091 54200 55301 53937 54302 54332 54796 54539 54429 54765 54397 54552 54239 54620 40750 40750 40750 40750 40750 40750 40750 40750 40750 40750 40750 40750 40750 40750 40750 40750 40750 132722 40750 40750 40750 40750 40750 40750 40750 40750 40750 40750 40750 40750 40750 40750 40750 40750 40750 40750 40750 40750 40750 40750 40750 40750 40750 40750 40750 40750 40750 40750 40750 40750 40750 40750 40750 40750 40750 40750 40750 40750 40750 40750 40750 40750 40750 40750 40750 40750 40750 40750 40750 40750 40750 40750 40750 40750 40750 40750 40750 40750 40750 40750 40750 127173 40750 40750 40750 40750 40750 40750 40750 40750 40750 40750 40750 40750 40750 40750 40750 40750 40750 40750 40750 40750 40750 40750 40750 40750 40750 40750 40750 40750 40750 40750 40750 40750 40750 40750 40750 40750 40750 40750 40750 40750 40750 40750 40750 40750 40750 40750 40750 40750 40750 40750 40750 40750 40750 40750 40750 40750 40750 40750 40750 40750 40750 40750 40750 129122 40750 40750 40750 40750 40750 40750 40750 40750 40750 40750 40750 40750 40750 40750 40750 40750 40750 40750 40750 40750 40750 40750 40750 40750 40750 40750 40750 40750 40750 40750 40750 40750 40750 40750 40750 40750 40750 40750 40750 40750 40750 40750 40750 40750 40750 40750 
54659 54881 55041 54791 55232 54769 54796 54234 55158 54524 54576 54692 54714 54475 55013 54663 54838 54998 20375 55203 54861 54862 54875 54843 55348 55287 55769 55206 54944 54567 54383 55194 55076 54836 55154 54964 54444 55265 54961 54537 55103 54530 54656 55255 54493 54950 54684 54998 54608 55210 54507 54318 55422 54676 54845 54608 54959 54985 54603 54457 55344 54673 54497 55379 40750 40750 40750 40750 40750 40750 40750 40750 40750 40750 40750 40750 40750 40750 40750 40750 40750 40750 128998 40750 40750 40750 40750 40750 40750 40750 40750 40750 40750 40750 40750 40750 40750 40750 40750 40750 40750 40750 40750 40750 40750 40750 40750 40750 40750 40750 40750 40750 40750 40750 40750 40750 40750 40750 40750 40750 40750 40750 40750 40750 40750 40750 40750 40750 40750 40750 40750 40750 40750 40750 40750 40750 40750 40750 40750 40750 40750 40750 40750 40750 40750 40750 140565 40750 40750 40750 40750 40750 40750 40750 40750 40750 40750 40750 40750 40750 40750 40750 40750 40750 40750 40750 40750 40750 40750 40750 40750 40750 40750 40750 40750 40750 40750 40750 40750 40750 40750 40750 40750 40750 40750 40750 40750 40750 40750 40750 40750 40750 40750 40750 40750 40750 40750 40750 40750 40750 40750 40750 40750 40750 40750 40750 40750 40750 40750 40750 121893 40750 40750 40750 40750 40750 40750 40750 40750 40750 40750 40750 40750 40750 40750 40750 40750 40750 40750 40750 40750 40750 40750 40750 40750 40750 40750 40750 40750 40750 40750 40750 40750 40750 40750 40750 40750 40750 40750 40750 40750 40750 40750 40750 40750 40750 
55057 55151 55549 54497 55583 54846 54966 54326 55487 54180 55183 54816 55084 54630 54875 54447 54342 54377 55203 20375 55028 54525 54895 54995 54982 54700 54591 54764 55097 54588 54643 54716 54954 54484 55009 55062 54259 55333 54649 54632 55118 54344 54652 55163 54714 54958 54488 55046 55134 54751 54279 54578 55144 54802 54853 54739 54808 54591 54735 54635 54922 54923 54594 55084 40750 40750 40750 40750 40750 40750 40750 40750 40750 40750 40750 40750 40750 40750 40750 40750 40750 40750 40750 132079 40750 40750 40750 40750 40750 40750 40750 40750 40750 40750 40750 40750 40750 40750 40750 40750 40750 40750 40750 40750 40750 40750 40750 40750 40750 40750 40750 40750 40750 40750 40750 40750 40750 40750 40750 40750 40750 40750 40750 40750 40750 40750 40750 40750 40750 40750 40750 40750 40750 40750 40750 40750 40750 40750 40750 40750 40750 40750 40750 40750 40750 40750 40750 132873 40750 40750 40750 40750 40750 40750 40750 40750 40750 40750 40750 40750 40750 40750 40750 40750 40750 40750 40750 40750 40750 40750 40750 40750 40750 40750 40750 40750 40750 40750 40750 40750 40750 40750 40750 40750 40750 40750 40750 40750 40750 40750 40750 40750 40750 40750 40750 40750 40750 40750 40750 40750 40750 40750 40750 40750 40750 40750 40750 40750 40750 40750 40750 133579 40750 40750 40750 40750 40750 40750 40750 40750 40750 40750 40750 40750 40750 40750 40750 40750 40750 40750 40750 40750 40750 40750 40750 40750 40750 40750 40750 40750 40750 40750 40750 40750 40750 40750 40750 40750 40750 40750 40750 40750 40750 40750 40750 40750 
55013 55069 54983 54226 55076 54301 54570 54369 54374 54554 54770 54865 54724 54553 54547 54415 54429 54438 54861 55028 20375 54519 54415 54487 54928 54647 54379 54511 54576 55190 54703 54645 55084 54274 54978 54691 54316 55144 54861 54634 55092 54232 54737 55018 54216 54497 54580 54927 54467 54658 54446 54247 55134 54417 55017 54656 54508 54676 54501 54576 54967 54585 54779 55152 40750 40750 40750 40750 40750 40750 40750 40750 40750 40750 40750 40750 40750 40750 40750 40750 40750 40750 40750 40750 131622 40750 40750 40750 40750 40750 40750 40750 40750 40750 40750 40750 40750 40750 40750 40750 40750 40750 40750 40750 40750 40750 40750 40750 40750 40750 40750 40750 40750 40750 40750 40750 40750 40750 40750 40750 40750 40750 40750 40750 40750 40750 40750 40750 40750 40750 40750 40750 40750 40750 40750 40750 40750 40750 40750 40750 40750 40750 40750 40750 40750 40750 40750 40750 130075 40750 40750 40750 40750 40750 40750 40750 40750 40750 40750 40750 40750 40750 40750 40750 40750 40750 40750 40750 40750 40750 40750 40750 40750 40750 40750 40750 40750 40750 40750 40750 40750 40750 40750 40750 40750 40750 40750 40750 40750 40750 40750 40750 40750 40750 40750 40750 40750 40750 40750 40750 40750 40750 40750 40750 40750 40750 40750 40750 40750 40750 40750 40750 128042 40750 40750 40750 40750 40750 40750 40750 40750 40750 40750 40750 40750 40750 40750 40750 40750 40750 40750 40750 40750 40750 40750 40750 40750 40750 40750 40750 40750 40750 40750 40750 40750 40750 40750 40750 40750 40750 40750 40750 40750 40750 40750 40750 
55015 55335 54840 54720 55287 54585 54816 54245 54979 54207 54587 54404 54547 54341 54093 54320 53949 54403 54862 54525 54519 20375 54402 54951 55201 54811 54621 55253 54825 54837 54095 54005 54732 54499 54946 54946 54961 54838 55081 54994 55241 54354 54802 54807 54378 54643 54598 54621 54804 54477 54985 54638 54994 54078 54558 54388 54733 54836 54574 54317 54607 54339 54497 54851 40750 40750 40750 40750 40750 40750 40750 40750 40750 40750 40750 40750 40750 40750 40750 40750 40750 40750 40750 40750 40750 130707 40750 40750 40750 40750 40750 40750 40750 40750 40750 40750 40750 40750 40750 40750 40750 40750 40750 40750 40750 40750 40750 40750 40750 40750 40750 40750 40750 40750 40750 40750 40750 40750 40750 40750 40750 40750 40750 40750 40750 40750 40750 40750 40750 40750 40750 40750 40750 40750 40750 40750 40750 40750 40750 40750 40750 40750 40750 40750 40750 40750 40750 40750 40750 127257 40750 40750 40750 40750 40750 40750 40750 40750 40750 40750 40750 40750 40750 40750 40750 40750 40750 40750 40750 40750 40750 40750 40750 40750 40750 40750 40750 40750 40750 40750 40750 40750 40750 40750 40750 40750 40750 40750 40750 40750 40750 40750 40750 40750 40750 40750 40750 40750 40750 40750 40750 40750 40750 40750 40750 40750 40750 40750 40750 40750 40750 40750 40750 130319 40750 40750 40750 40750 40750 40750 40750 40750 40750 40750 40750 40750 40750 40750 40750 40750 40750 40750 40750 40750 40750 40750 40750 40750 40750 40750 40750 40750 40750 40750 40750 40750 40750 40750 40750 40750 40750 40750 40750 40750 40750 40750 
55013 54654 55133 54270 55264 54785 54856 54720 54941 54861 54792 54275 54758 54416 54214 54668 54229 54272 54875 54895 54415 54402 20375 55073 54809 54827 54473 54420 54371 54786 54563 54491 54611 54425 54203 54469 54365 54895 54722 54334 55130 54144 54819 55341 54729 55023 54175 54711 54656 54448 54401 54713 55060 53829 54679 54043 55202 54678 55136 54744 54810 54432 54826 54926 40750 40750 40750 40750 40750 40750 40750 40750 40750 40750 40750 40750 40750 40750 40750 40750 40750 40750 40750 40750 40750 40750 127122 40750 40750 40750 40750 40750 40750 40750 40750 40750 40750 40750 40750 40750 40750 40750 40750 40750 40750 40750 40750 40750 40750 40750 40750 40750 40750 40750 40750 40750 40750 40750 40750 40750 40750 40750 40750 40750 40750 40750 40750 40750 40750 40750 40750 40750 40750 40750 40750 40750 40750 40750 40750 40750 40750 40750 40750 40750 40750 40750 40750 40750 40750 40750 133593 40750 40750 40750 40750 40750 40750 40750 40750 40750 40750 40750 40750 40750 40750 40750 40750 40750 40750 40750 40750 40750 40750 40750 40750 40750 40750 40750 40750 40750 40750 40750 40750 40750 40750 40750 40750 40750 40750 40750 40750 40750 40750 40750 40750 40750 40750 40750 40750 40750 40750 40750 40750 40750 40750 40750 40750 40750 40750 40750 40750 40750 40750 40750 125891 40750 40750 40750 40750 40750 40750 40750 40750 40750 40750 40750 40750 40750 40750 40750 40750 40750 40750 40750 40750 40750 40750 40750 40750 40750 40750 40750 40750 40750 40750 40750 40750 40750 40750 40750 40750 40750 40750 40750 40750 40750 
54701 54920 54893 54224 55180 54583 54477 54586 55105 54191 54897 54509 54758 54590 54732 54345 54428 54465 54843 54995 54487 54951 55073 20375 54922 54629 54630 54791 54341 54499 54340 54147 54529 54774 54061 54867 54491 55119 54459 54549 54885 53908 54457 55107 54432 54860 54264 55294 54594 54499 54442 54868 54789 54150 54552 54237 54649 54518 54521 54671 54691 54570 54540 54727 40750 40750 40750 40750 40750 40750 40750 40750 40750 40750 40750 40750 40750 40750 40750 40750 40750 40750 40750 40750 40750 40750 40750 127010 40750 40750 40750 40750 40750 40750 40750 40750 40750 40750 40750 40750 40750 40750 40750 40750 40750 40750 40750 40750 40750 40750 40750 40750 40750 40750 40750 40750 40750 40750 40750 40750 40750 40750 40750 40750 40750 40750 40750 40750 40750 40750 40750 40750 40750 40750 40750 40750 40750 40750 40750 40750 40750 40750 40750 40750 40750 40750 40750 40750 40750 40750 40750 128543 40750 40750 40750 40750 40750 40750 40750 40750 40750 40750 40750 40750 40750 40750 40750 40750 40750 40750 40750 40750 40750 40750 40750 40750 40750 40750 40750 40750 40750 40750 40750 40750 40750 40750 40750 40750 40750 40750 40750 40750 40750 40750 40750 40750 40750 40750 40750 40750 40750 40750 40750 40750 40750 40750 40750 40750 40750 40750 40750 40750 40750 40750 40750 131362 40750 40750 40750 40750 40750 40750 40750 40750 40750 40750 40750 40750 40750 40750 40750 40750 40750 40750 40750 40750 40750 40750 40750 40750 40750 40750 40750 40750 40750 40750 40750 40750 40750 40750 40750 40750 40750 40750 40750 40750 
55116 55428 55353 54817 55600 54608 54848 54854 55062 54604 54809 55047 54985 54505 55109 54676 54964 54866 55348 54982 54928 55201 54809 54922 20375 55081 55469 55098 54800 55048 54730 54510 54803 54682 55079 54998 54890 55372 55492 54919 55267 54619 55506 55131 55082 55296 55246 55202 55613 54854 54757 55003 56003 54875 55297 54713 55027 54747 54700 55134 55043 55220 54883 55160 40750 40750 40750 40750 40750 40750 40750 40750 40750 40750 40750 40750 40750 40750 40750 40750 40750 40750 40750 40750 40750 40750 40750 40750 137129 40750 40750 40750 40750 40750 40750 40750 40750 40750 40750 40750 40750 40750 40750 40750 40750 40750 40750 40750 40750 40750 40750 40750 40750 40750 40750 40750 40750 40750 40750 40750 40750 40750 40750 40750 40750 40750 40750 40750 40750 40750 40750 40750 40750 40750 40750 40750 40750 40750 40750 40750 40750 40750 40750 40750 40750 40750 40750 40750 40750 40750 40750 40750 134232 40750 40750 40750 40750 40750 40750 40750 40750 40750 40750 40750 40750 40750 40750 40750 40750 40750 40750 40750 40750 40750 40750 40750 40750 40750 40750 40750 40750 40750 40750 40750 40750 40750 40750 40750 40750 40750 40750 40750 40750 40750 40750 40750 40750 40750 40750 40750 40750 40750 40750 40750 40750 40750 40750 40750 40750 40750 40750 40750 40750 40750 40750 40750 135217 40750 40750 40750 40750 40750 40750 40750 40750 40750 40750 40750 40750 40750 40750 40750 40750 40750 40750 40750 40750 40750 40750 40750 40750 40750 40750 40750 40750 40750 40750 40750 40750 40750 40750 40750 40750 40750 40750 40750 
