18511 49805 49568 49642 50902 49846 50439 49829 50409 49764 49891 50735 49815 50118 49818 51119 49462 49991 50498 50424 50242 49854 50462 50012 50270 50950 50356 49847 49832 50030 50275 50033 50500 49892 50083 50146 49835 50436 50506 50284 50388 49986 50511 49795 50039 50402 49890 50400 50191 49855 50490 50212 50634 50359 50156 49560 49707 49655 49855 49746 49759 50652 50480 49819 
49805 18511 50042 49919 50097 50448 49709 49751 50328 50116 50188 50366 50258 50137 50582 49623 50133 50046 50430 50246 50668 50291 50568 49809 49694 51083 50210 49717 50339 50367 51248 49964 50337 50093 49726 50483 50076 50215 50185 50480 50848 50676 50607 49545 50401 50561 50157 50958 50289 50409 50375 50350 50247 50159 50281 50315 49837 49810 49590 50140 50401 50098 50226 49604 
49568 50042 18511 49453 50004 49517 48958 49489 49603 49692 49146 49436 50033 49248 49946 49293 49264 49009 50217 49775 49980 49615 50088 49660 49865 50435 49791 49944 50016 49578 49736 49934 49496 49902 49741 49455 49678 50040 49860 49950 49635 49278 49760 49381 49325 49835 49757 49804 50263 50096 50128 49306 50343 49656 49589 49238 49215 49536 49561 49338 50202 50583 50093 49819 
49642 49919 49453 18511 50000 49745 49755 49474 50058 49642 49444 50071 49748 50120 49839 49752 49855 49764 49938 50328 50015 49398 49894 49621 49798 50823 50143 50197 49565 49655 50166 49848 50118 49465 49652 49558 49609 49862 50419 50084 49819 49556 49651 50054 50016 49807 50127 50625 49888 50062 49724 49535 50140 50084 50138 49225 49365 49581 49905 49691 49823 50074 49819 49847 
50902 50097 50004 50000 18511 50069 49719 49964 50116 49714 49587 50223 50647 49822 50531 49794 49675 49665 50286 50169 50190 49808 50582 49939 50393 50945 50366 50727 50336 49997 50798 50911 49992 49772 49688 50439 49829 50334 50886 50919 50009 49986 50541 49379 49905 50363 50109 50810 50569 49738 50049 49790 50443 50249 50382 49553 49571 49773 49660 49549 50149 49956 50362 49675 
49846 50448 49517 49745 50069 18511 49481 49289 49734 49426 49053 49813 50112 49481 49806 50032 49677 49486 49939 49864 50007 49980 49669 50443 49209 50477 49866 50060 50013 49903 50109 49872 50441 49664 49689 49626 49880 49615 50004 49710 49472 49790 49977 49371 49576 49687 49790 50582 50339 49873 49605 50215 50116 50192 49993 49986 49378 49117 49725 49703 49798 49804 49712 49395 
50439 49709 48958 49755 49719 49481 18511 49326 49934 49271 49581 49981 49712 49590 50113 49462 50092 49032 49628 49803 50192 49766 49896 49399 49107 50446 49667 49725 49620 49886 49801 49802 50150 49647 49751 49809 49931 49958 49776 49763 49980 49830 49655 49597 49390 50176 49739 50603 49975 50310 50439 49938 49960 49614 50124 49357 49392 49790 49371 49603 49976 49805 49744 49815 
49829 49751 49489 49474 49964 49289 49326 18511 49870 49263 49473 49621 49116 49824 49388 49327 49097 49483 49879 49831 49846 49058 50478 49462 49504 50385 49207 49594 49896 49594 49934 49678 49921 49074 49582 49503 50033 50882 49489 49907 49940 49679 49806 49851 49576 49680 49889 49945 50230 49532 49560 49443 50082 50092 49452 49724 49641 49215 49713 49239 49832 49925 49611 49331 
50409 50328 49603 50058 50116 49734 49934 49870 18511 49464 49990 49958 49922 50001 49922 49725 49664 49626 50830 49833 50813 49727 50072 49555 49826 50711 49760 50200 50130 50604 50398 50319 50349 50156 49887 50342 49456 50399 50766 49871 51013 50129 50874 49962 50359 50269 50174 50911 49667 49653 49895 49876 50395 49718 49803 49588 49489 50105 49543 49994 49922 50125 49945 49861 
49764 50116 49692 49642 49714 49426 49271 49263 49464 18511 49421 49371 50149 49437 49056 49315 49518 49384 49405 49583 49574 48635 49678 49467 49448 49989 49140 49575 49517 50125 49973 49417 49436 49076 48832 49809 48873 49565 50084 49623 49546 49655 49454 49390 49385 49502 49264 49941 49659 49250 49955 49168 49980 49460 50116 48969 48790 49585 49239 50222 49543 49768 49681 49353 
49891 50188 49146 49444 49587 49053 49581 49473 49990 49421 18511 50236 49351 49276 49638 49487 49236 49269 49768 49748 49595 49241 50055 49715 49572 50107 49879 49808 49847 49827 49931 49523 49553 49300 49427 49722 49461 49848 50300 50791 49993 49356 49751 49694 49449 49818 50011 49771 49768 49569 49923 49323 49983 49601 49212 49169 49745 49921 49814 49844 49881 49939 49816 49230 
50735 50366 49436 50071 50223 49813 49981 49621 49958 49371 50236 18511 49531 49921 49591 49917 49814 49689 49923 49750 49628 49415 49624 49888 49937 50264 50455 49801 49627 49589 50380 49879 49886 49499 49681 50007 49506 49816 50317 50087 50081 49929 49954 50189 49871 50157 50466 50151 50254 50045 50397 49866 50676 49661 49687 49713 49356 49686 49840 49922 49919 50660 50189 49891 
49815 50258 50033 49748 50647 50112 49712 49116 49922 50149 49351 49531 18511 49881 49578 49853 49752 49646 49707 49918 49958 50130 49832 50194 49840 50344 50354 50399 49617 49696 50277 49989 50148 49659 49427 49791 49318 49686 50699 50012 50160 49580 49915 50609 50102 50347 49970 50647 50065 49939 49585 49544 50230 49613 49485 49478 49615 49718 50013 49587 50093 49828 50518 49934 
50118 50137 49248 50120 49822 49481 49590 49824 50001 49437 49276 49921 49881 18511 49447 49430 49462 49657 49743 50096 50134 49686 49829 49420 49443 50408 49618 49654 50294 50299 50051 49756 49544 49626 49597 49416 49774 50057 50162 50345 49874 49547 50113 49381 49354 50299 50049 49939 49831 50012 49962 49357 49668 49856 49640 49289 49084 49635 49256 49140 49991 49990 49731 49047 
49818 50582 49946 49839 50531 49806 50113 49388 49922 49056 49638 49591 49578 49447 18511 50071 50010 50025 50324 49667 49736 49557 49414 49741 49605 50130 50366 50105 49728 49678 50384 49903 49900 49189 49508 49860 49919 49505 49975 49575 49621 50052 49930 50036 49521 50228 49951 50569 49966 49817 49675 50218 50025 49578 50182 49428 49631 49502 50504 50127 49656 49961 49947 50203 
51119 49623 49293 49752 49794 50032 49462 49327 49725 49315 49487 49917 49853 49430 50071 18511 50029 49913 49535 49709 49691 49362 49462 50038 49596 50700 49670 50437 50002 49592 49602 50173 49870 49387 50091 50548 49183 50284 50194 50050 50248 49470 50076 49466 49447 50369 49651 50105 49926 49548 49748 49575 49853 49758 50007 49713 49326 49357 49554 50110 49688 49731 50184 49651 
49462 50133 49264 49855 49675 49677 50092 49097 49664 49518 49236 49814 49752 49462 50010 50029 18511 49606 49741 49814 49615 49582 49885 49672 49647 50534 50263 50536 49571 49795 50496 50085 50199 49461 49507 49955 49329 49749 49866 50273 50023 50094 49759 49682 49453 49983 49591 50493 49923 49805 49784 49483 50028 50000 49997 49521 49500 49713 49470 49777 49688 49943 50485 49562 
49991 50046 49009 49764 49665 49486 49032 49483 49626 49384 49269 49689 49646 49657 50025 49913 49606 18511 49602 49456 49396 49570 49587 49654 49330 50213 49780 50165 49571 49410 50650 50217 49841 49195 49378 49595 49367 50477 49621 49799 49899 50146 49923 49419 49172 49679 49577 49719 49779 50511 49812 49789 49806 49927 49565 49408 49082 49616 49497 49857 50289 49997 49814 49716 
50498 50430 50217 49938 50286 49939 49628 49879 50830 49405 49768 49923 49707 49743 50324 49535 49741 49602 18511 49873 49953 50022 50307 49846 49800 50938 49846 50118 50092 50276 50334 49914 50408 49647 49924 49814 49419 50155 50398 50191 50510 50303 50458 49672 49870 51073 50013 50302 49868 49659 50274 50364 50635 49841 50069 49987 49571 50242 50006 49651 50170 50299 50665 49667 
50424 50246 49775 50328 50169 49864 49803 49831 49833 49583 49748 49750 49918 50096 49667 49709 49814 49456 49873 18511 50017 49533 49503 50436 49838 50448 49943 50009 50433 50117 50275 49907 50300 49679 49392 49931 49426 49966 50133 49801 50344 49676 49924 49755 49463 50468 50275 50198 50103 49990 49690 50025 50681 49800 50347 49400 49792 49856 49891 49846 50461 50308 49805 50207 
50242 50668 49980 50015 50190 50007 50192 49846 50813 49574 49595 49628 49958 50134 49736 49691 49615 49396 49953 50017 18511 49291 50008 49979 50093 51127 49616 50471 49708 50521 50586 50188 50347 49411 49586 49953 49834 50623 50404 50086 50392 49901 50604 49791 49885 50833 50113 50393 50389 49740 50147 49998 50500 50118 49747 49800 49374 50102 49778 50007 50203 50077 50251 49949 
49854 50291 49615 49398 49808 49980 49766 49058 49727 48635 49241 49415 50130 49686 49557 49362 49582 49570 50022 49533 49291 18511 49805 49539 49607 49868 49452 49727 49517 49967 49865 49364 49779 48623 49043 49447 48726 49293 49776 49603 49605 49493 49313 49254 49662 49342 49413 49606 49294 49870 49669 49195 49944 49452 49444 49664 49234 49374 49312 49940 49471 49551 49208 50302 
50462 50568 50088 49894 50582 49669 49896 50478 50072 49678 50055 49624 49832 49829 49414 49462 49885 49587 50307 49503 50008 49805 18511 49776 49747 50915 49778 49870 50084 50528 50401 49856 50181 49990 49742 49769 49568 49598 50462 49774 50612 49731 50163 50007 49662 50330 50255 50293 49914 50146 49945 49799 50227 50169 49980 49360 49301 50057 49788 49664 50085 50282 50015 49888 
50012 49809 49660 49621 49939 50443 49399 49462 49555 49467 49715 49888 50194 49420 49741 50038 49672 49654 49846 50436 49979 49539 49776 18511 49525 50213 49714 50312 49490 49641 50251 49834 50054 49380 49468 49363 49186 50060 49978 49924 49884 50099 49612 49102 49779 49997 49539 50702 50078 49799 50147 49493 49878 49994 49976 49676 49345 49785 49713 49721 50127 50056 49892 49415 
50270 49694 49865 49798 50393 49209 49107 49504 49826 49448 49572 49937 49840 49443 49605 49596 49647 49330 49800 49838 50093 49607 49747 49525 18511 50439 49460 49615 49341 49793 49676 49911 49746 49385 49634 49534 49464 50139 50200 50017 49789 49517 49614 49489 49686 50013 49492 49842 50313 49403 49526 49600 49884 49659 49573 49596 49546 49894 49513 49465 49606 49980 49926 49335 
50950 51083 50435 50823 50945 50477 50446 50385 50711 49989 50107 50264 50344 50408 50130 50700 50534 50213 50938 50448 51127 49868 50915 50213 50439 18511 51055 50502 50723 50547 51210 50512 50974 49798 50088 50336 50194 50977 50513 50691 50548 50409 50956 50611 50158 51314 50725 50711 51113 50870 50586 50121 50581 50412 50402 49947 50002 51027 50617 51055 50208 50646 50783 50233 
50356 50210 49791 50143 50366 49866 49667 49207 49760 49140 49879 50455 50354 49618 50366 49670 50263 49780 49846 49943 49616 49452 49778 49714 49460 51055 18511 49861 49507 50049 50887 50128 50085 49446 49356 49938 49478 49756 49937 49891 50031 50275 49521 49748 49661 50078 50136 50431 49982 49558 49673 50051 50496 49666 50017 49186 49493 49420 50139 49929 50239 50057 49715 49582 
49847 49717 49944 50197 50727 50060 49725 49594 50200 49575 49808 49801 50399 49654 50105 50437 50536 50165 50118 50009 50471 49727 49870 50312 49615 50502 49861 18511 49308 49953 50328 49715 50503 49442 49726 50040 49598 49889 49960 50152 50205 49829 49922 50099 49372 49790 49440 50471 50163 50072 50304 49647 50225 49907 49865 49991 49723 49251 49881 50386 50443 49928 49909 49657 
49832 50339 50016 49565 50336 50013 49620 49896 50130 49517 49847 49627 49617 50294 49728 50002 49571 49571 50092 50433 49708 49517 50084 49490 49341 50723 49507 49308 18511 49385 50243 49112 49768 49817 49565 49888 49366 49993 50260 49368 50106 49412 49970 49379 49757 49887 49298 49877 49375 49597 49808 49756 49918 49792 49633 49449 49378 49690 49312 49949 49956 50223 49946 49786 
50030 50367 49578 49655 49997 49903 49886 49594 50604 50125 49827 49589 49696 50299 49678 49592 49795 49410 50276 50117 50521 49967 50528 49641 49793 50547 50049 49953 49385 18511 49791 49360 49669 49264 49749 49612 49482 49755 50097 49797 50118 49432 50170 50050 49738 50063 49127 49910 49607 49634 49514 49780 49903 49849 49743 49476 49307 49653 49665 50261 49604 50665 50071 49524 
50275 51248 49736 50166 50798 50109 49801 49934 50398 49973 49931 50380 50277 50051 50384 49602 50496 50650 50334 50275 50586 49865 50401 50251 49676 51210 50887 50328 50243 49791 18511 50175 50213 49581 49684 50417 49656 50754 50273 50407 50261 50037 50599 49822 49714 50246 50471 50678 50493 50687 50290 50059 50566 50525 50456 50263 49902 49957 49834 50720 50419 51089 50456 50078 
50033 49964 49934 49848 50911 49872 49802 49678 50319 49417 49523 49879 49989 49756 49903 50173 50085 50217 49914 49907 50188 49364 49856 49834 49911 50512 50128 49715 49112 49360 50175 18511 49453 49475 49557 49802 49542 50016 49779 49611 50201 50134 49865 49741 49514 49555 49566 49628 49865 49755 50453 50236 50160 50536 49766 49779 49739 49207 49401 50470 50076 50169 49977 49703 
50500 50337 49496 50118 49992 50441 50150 49921 50349 49436 49553 49886 50148 49544 49900 49870 50199 49841 50408 50300 50347 49779 50181 50054 49746 50974 50085 50503 49768 49669 50213 49453 18511 49759 49392 49842 49231 50769 50597 50382 49898 50094 50300 49661 49548 49831 49776 50539 49902 49945 50091 50154 49898 50219 50018 49258 49572 49494 49728 50017 50082 50336 50060 50239 
49892 50093 49902 49465 49772 49664 49647 49074 50156 49076 49300 49499 49659 49626 49189 49387 49461 49195 49647 49679 49411 48623 49990 49380 49385 49798 49446 49442 49817 49264 49581 49475 49759 18511 49441 49687 48776 49111 49841 49281 49982 49179 49455 49497 49100 49772 49583 50082 49465 49339 49241 49215 49772 49483 49251 49719 49071 49554 49548 49717 49357 49749 49428 49287 
50083 49726 49741 49652 49688 49689 49751 49582 49887 48832 49427 49681 49427 49597 49508 50091 49507 49378 49924 49392 49586 49043 49742 49468 49634 50088 49356 49726 49565 49749 49684 49557 49392 49441 18511 49766 49021 50253 49609 49380 49908 49391 49418 49600 49598 50193 49538 49742 49501 49284 49586 49941 49719 49198 49240 49294 49873 49490 49758 49428 49639 50645 50147 49324 
50146 50483 49455 49558 50439 49626 49809 49503 50342 49809 49722 50007 49791 49416 49860 50548 49955 49595 49814 49931 49953 49447 49769 49363 49534 50336 49938 50040 49888 49612 50417 49802 49842 49687 49766 18511 49326 49933 50191 49837 49773 49321 49652 49528 49840 50003 49675 50132 49938 49467 50256 49705 49942 49517 49759 49300 49380 49698 49509 49385 49865 49929 50314 49159 
49835 50076 49678 49609 49829 49880 49931 50033 49456 48873 49461 49506 49318 49774 49919 49183 49329 49367 49419 49426 49834 48726 49568 49186 49464 50194 49478 49598 49366 49482 49656 49542 49231 48776 49021 49326 18511 49210 49895 49200 49985 49501 49504 49519 49529 49509 49490 50038 49433 49571 49807 49498 49973 49386 49285 48748 49066 49352 49655 49873 49745 50128 49224 49607 
50436 50215 50040 49862 50334 49615 49958 50882 50399 49565 49848 49816 49686 50057 49505 50284 49749 50477 50155 49966 50623 49293 49598 50060 50139 50977 49756 49889 49993 49755 50754 50016 50769 49111 50253 49933 49210 18511 50375 49821 50090 49740 49850 49757 49752 50719 50354 50919 50238 49667 49754 49583 50211 49592 50284 49201 49476 50140 49666 49580 49877 49873 50658 49702 
50506 50185 49860 50419 50886 50004 49776 49489 50766 50084 50300 50317 50699 50162 49975 50194 49866 49621 50398 50133 50404 49776 50462 49978 50200 50513 49937 49960 50260 50097 50273 49779 50597 49841 49609 50191 49895 50375 18511 50199 50473 49685 50398 49823 50110 50616 49995 50843 50554 49750 49594 49700 50959 50415 50005 49710 49859 49836 50181 50397 50432 50453 50548 50543 
50284 50480 49950 50084 50919 49710 49763 49907 49871 49623 50791 50087 50012 50345 49575 50050 50273 49799 50191 49801 50086 49603 49774 49924 50017 50691 49891 50152 49368 49797 50407 49611 50382 49281 49380 49837 49200 49821 50199 18511 50207 49582 49641 50038 49524 50253 49941 50890 49836 49893 49647 49582 50586 49549 49573 49346 49725 50187 49799 49935 49702 50572 50440 49516 
50388 50848 49635 49819 50009 49472 49980 49940 51013 49546 49993 50081 50160 49874 49621 50248 50023 49899 50510 50344 50392 49605 50612 49884 49789 50548 50031 50205 50106 50118 50261 50201 49898 49982 49908 49773 49985 50090 50473 50207 18511 49668 50080 49828 50250 51048 50421 50637 50455 49793 50445 50081 50863 50017 49702 49766 49897 50136 50057 50103 50044 50248 50198 50123 
49986 50676 49278 49556 49986 49790 49830 49679 50129 49655 49356 49929 49580 49547 50052 49470 50094 50146 50303 49676 49901 49493 49731 50099 49517 50409 50275 49829 49412 49432 50037 50134 50094 49179 49391 49321 49501 49740 49685 49582 49668 18511 49552 49198 49317 49863 49896 50213 50075 49641 49685 49610 49393 49747 49684 49581 50046 49568 49114 49579 49708 49489 49837 49568 
50511 50607 49760 49651 50541 49977 49655 49806 50874 49454 49751 49954 49915 50113 49930 50076 49759 49923 50458 49924 50604 49313 50163 49612 49614 50956 49521 49922 49970 50170 50599 49865 50300 49455 49418 49652 49504 49850 50398 49641 50080 49552 18511 50032 49976 49867 50303 50313 49884 49522 49750 50179 50529 49708 49821 49570 49413 50304 49920 50171 50008 50200 50904 50009 
49795 49545 49381 50054 49379 49371 49597 49851 49962 49390 49694 50189 50609 49381 50036 49466 49682 49419 49672 49755 49791 49254 50007 49102 49489 50611 49748 50099 49379 50050 49822 49741 49661 49497 49600 49528 49519 49757 49823 50038 49828 49198 50032 18511 49584 49874 49598 49783 49794 49318 49903 49274 49540 49514 49486 49331 49376 49576 49215 49952 49842 50138 49677 50076 
50039 50401 49325 50016 49905 49576 49390 49576 50359 49385 49449 49871 50102 49354 49521 49447 49453 49172 49870 49463 49885 49662 49662 49779 49686 50158 49661 49372 49757 49738 49714 49514 49548 49100 49598 49840 49529 49752 50110 49524 50250 49317 49976 49584 18511 49750 49765 49783 50102 49620 49327 50116 49676 50167 49678 50341 49455 49559 49572 49724 49683 49616 50153 49388 
50402 50561 49835 49807 50363 49687 50176 49680 50269 49502 49818 50157 50347 50299 50228 50369 49983 49679 51073 50468 50833 49342 50330 49997 50013 51314 50078 49790 49887 50063 50246 49555 49831 49772 50193 50003 49509 50719 50616 50253 51048 49863 49867 49874 49750 18511 49552 49978 50083 49773 50181 49867 50459 50364 49803 49594 49913 50111 49531 50037 50027 50370 50798 49819 
49890 50157 49757 50127 50109 49790 49739 49889 50174 49264 50011 50466 49970 50049 49951 49651 49591 49577 50013 50275 50113 49413 50255 49539 49492 50725 50136 49440 49298 49127 50471 49566 49776 49583 49538 49675 49490 50354 49995 49941 50421 49896 50303 49598 49765 49552 18511 49724 49588 49673 50002 49653 50336 49844 49582 49627 49540 49426 49672 49674 50312 50403 49982 49722 
50400 50958 49804 50625 50810 50582 50603 49945 50911 49941 49771 50151 50647 49939 50569 50105 50493 49719 50302 50198 50393 49606 50293 50702 49842 50711 50431 50471 49877 49910 50678 49628 50539 50082 49742 50132 50038 50919 50843 50890 50637 50213 50313 49783 49783 49978 49724 18511 50240 50463 50545 49690 50887 50332 50583 50262 49611 49761 50233 50335 50311 50406 50566 50037 
50191 50289 50263 49888 50569 50339 49975 50230 49667 49659 49768 50254 50065 49831 49966 49926 49923 49779 49868 50103 50389 49294 49914 50078 50313 51113 49982 50163 49375 49607 50493 49865 49902 49465 49501 49938 49433 50238 50554 49836 50455 50075 49884 49794 50102 50083 49588 50240 18511 50075 49731 49888 50513 50192 49800 49413 49174 49781 50193 49837 50141 50363 49762 49866 
49855 50409 50096 50062 49738 49873 50310 49532 49653 49250 49569 50045 49939 50012 49817 49548 49805 50511 49659 49990 49740 49870 50146 49799 49403 50870 49558 50072 49597 49634 50687 49755 49945 49339 49284 49467 49571 49667 49750 49893 49793 49641 49522 49318 49620 49773 49673 50463 50075 18511 50080 49384 49620 49427 49863 49723 49931 49590 49195 49648 49635 49885 49665 49531 
50490 50375 50128 49724 50049 49605 50439 49560 49895 49955 49923 50397 49585 49962 49675 49748 49784 49812 50274 49690 50147 49669 49945 50147 49526 50586 49673 50304 49808 49514 50290 50453 50091 49241 49586 50256 49807 49754 49594 49647 50445 49685 49750 49903 49327 50181 50002 50545 49731 50080 18511 49595 50263 49740 49615 49722 49447 49787 49821 49421 49678 49640 49757 49627 
50212 50350 49306 49535 49790 50215 49938 49443 49876 49168 49323 49866 49544 49357 50218 49575 49483 49789 50364 50025 49998 49195 49799 49493 49600 50121 50051 49647 49756 49780 50059 50236 50154 49215 49941 49705 49498 49583 49700 49582 50081 49610 50179 49274 50116 49867 49653 49690 49888 49384 49595 18511 49783 49971 49764 49265 49681 49372 49777 49744 50203 49641 50439 49204 
50634 50247 50343 50140 50443 50116 49960 50082 50395 49980 49983 50676 50230 49668 50025 49853 50028 49806 50635 50681 50500 49944 50227 49878 49884 50581 50496 50225 49918 49903 50566 50160 49898 49772 49719 49942 49973 50211 50959 50586 50863 49393 50529 49540 49676 50459 50336 50887 50513 49620 50263 49783 18511 51208 49673 49772 49721 50012 50041 49685 50207 50251 50324 50468 
50359 50159 49656 50084 50249 50192 49614 50092 49718 49460 49601 49661 49613 49856 49578 49758 50000 49927 49841 49800 50118 49452 50169 49994 49659 50412 49666 49907 49792 49849 50525 50536 50219 49483 49198 49517 49386 49592 50415 49549 50017 49747 49708 49514 50167 50364 49844 50332 50192 49427 49740 49971 51208 18511 49873 49901 49418 49983 50570 49726 49753 50291 50253 50246 
50156 50281 49589 50138 50382 49993 50124 49452 49803 50116 49212 49687 49485 49640 50182 50007 49997 49565 50069 50347 49747 49444 49980 49976 49573 50402 50017 49865 49633 49743 50456 49766 50018 49251 49240 49759 49285 50284 50005 49573 49702 49684 49821 49486 49678 49803 49582 50583 49800 49863 49615 49764 49673 49873 18511 49540 49215 49569 49482 49591 50306 50411 49659 49657 
49560 50315 49238 49225 49553 49986 49357 49724 49588 48969 49169 49713 49478 49289 49428 49713 49521 49408 49987 49400 49800 49664 49360 49676 49596 49947 49186 49991 49449 49476 50263 49779 49258 49719 49294 49300 48748 49201 49710 49346 49766 49581 49570 49331 50341 49594 49627 50262 49413 49723 49722 49265 49772 49901 49540 18511 49455 49207 49477 49468 49369 49794 49123 49432 
49707 49837 49215 49365 49571 49378 49392 49641 49489 48790 49745 49356 49615 49084 49631 49326 49500 49082 49571 49792 49374 49234 49301 49345 49546 50002 49493 49723 49378 49307 49902 49739 49572 49071 49873 49380 49066 49476 49859 49725 49897 50046 49413 49376 49455 49913 49540 49611 49174 49931 49447 49681 49721 49418 49215 49455 18511 49464 49684 49132 49397 50048 49309 49191 
49655 49810 49536 49581 49773 49117 49790 49215 50105 49585 49921 49686 49718 49635 49502 49357 49713 49616 50242 49856 50102 49374 50057 49785 49894 51027 49420 49251 49690 49653 49957 49207 49494 49554 49490 49698 49352 50140 49836 50187 50136 49568 50304 49576 49559 50111 49426 49761 49781 49590 49787 49372 50012 49983 49569 49207 49464 18511 49600 49694 49396 49825 49775 49670 
49855 49590 49561 49905 49660 49725 49371 49713 49543 49239 49814 49840 50013 49256 50504 49554 49470 49497 50006 49891 49778 49312 49788 49713 49513 50617 50139 49881 49312 49665 49834 49401 49728 49548 49758 49509 49655 49666 50181 49799 50057 49114 49920 49215 49572 49531 49672 50233 50193 49195 49821 49777 50041 50570 49482 49477 49684 49600 18511 49297 49725 50023 49760 49474 
49746 50140 49338 49691 49549 49703 49603 49239 49994 50222 49844 49922 49587 49140 50127 50110 49777 49857 49651 49846 50007 49940 49664 49721 49465 51055 49929 50386 49949 50261 50720 50470 50017 49717 49428 49385 49873 49580 50397 49935 50103 49579 50171 49952 49724 50037 49674 50335 49837 49648 49421 49744 49685 49726 49591 49468 49132 49694 49297 18511 49697 49967 49879 50198 
49759 50401 50202 49823 50149 49798 49976 49832 49922 49543 49881 49919 50093 49991 49656 49688 49688 50289 50170 50461 50203 49471 50085 50127 49606 50208 50239 50443 49956 49604 50419 50076 50082 49357 49639 49865 49745 49877 50432 49702 50044 49708 50008 49842 49683 50027 50312 50311 50141 49635 49678 50203 50207 49753 50306 49369 49397 49396 49725 49697 18511 49588 50216 49625 
50652 50098 50583 50074 49956 49804 49805 49925 50125 49768 49939 50660 49828 49990 49961 49731 49943 49997 50299 50308 50077 49551 50282 50056 49980 50646 50057 49928 50223 50665 51089 50169 50336 49749 50645 49929 50128 49873 50453 50572 50248 49489 50200 50138 49616 50370 50403 50406 50363 49885 49640 49641 50251 50291 50411 49794 50048 49825 50023 49967 49588 18511 50691 50203 
50480 50226 50093 49819 50362 49712 49744 49611 49945 49681 49816 50189 50518 49731 49947 50184 50485 49814 50665 49805 50251 49208 50015 49892 49926 50783 49715 49909 49946 50071 50456 49977 50060 49428 50147 50314 49224 50658 50548 50440 50198 49837 50904 49677 50153 50798 49982 50566 49762 49665 49757 50439 50324 50253 49659 49123 49309 49775 49760 49879 50216 50691 18511 49726 
49819 49604 49819 49847 49675 49395 49815 49331 49861 49353 49230 49891 49934 49047 50203 49651 49562 49716 49667 50207 49949 50302 49888 49415 49335 50233 49582 49657 49786 49524 50078 49703 50239 49287 49324 49159 49607 49702 50543 49516 50123 49568 50009 50076 49388 49819 49722 50037 49866 49531 49627 49204 50468 50246 49657 49432 49191 49670 49474 50198 49625 50203 49726 18511 
