20372 54720 54996 54595 55364 54316 54883 54198 54969 54510 54965 54924 54848 54804 54793 54860 54519 54861 54617 54896 54970 54965 54920 54650 54982 54858 54050 54494 54451 54556 54786 54706 54222 54435 54527 54671 54886 55042 54643 54170 54913 54545 55292 54847 54427 54614 54272 55211 54827 54585 54631 54373 54692 54327 54548 54476 55098 54426 54774 54712 54717 54790 54288 55184 130062 40744 40744 40744 40744 40744 40744 40744 40744 40744 40744 40744 40744 40744 40744 40744 40744 40744 40744 40744 40744 40744 40744 40744 40744 40744 40744 40744 40744 40744 40744 40744 40744 40744 40744 40744 40744 40744 40744 40744 40744 40744 40744 40744 40744 40744 40744 40744 40744 40744 40744 40744 40744 40744 40744 40744 40744 40744 40744 40744 40744 40744 40744 40744 140375 40744 40744 40744 40744 40744 40744 40744 40744 40744 40744 40744 40744 40744 40744 40744 40744 40744 40744 40744 40744 40744 40744 40744 40744 40744 40744 40744 40744 40744 40744 40744 40744 40744 40744 40744 40744 40744 40744 40744 40744 40744 40744 40744 40744 40744 40744 40744 40744 40744 40744 40744 40744 40744 40744 40744 40744 40744 40744 40744 40744 40744 40744 40744 142411 40744 40744 40744 40744 40744 40744 40744 40744 40744 40744 40744 40744 40744 40744 40744 40744 40744 40744 40744 40744 40744 40744 40744 40744 40744 40744 40744 40744 40744 40744 40744 40744 40744 40744 40744 40744 40744 40744 40744 40744 40744 40744 40744 40744 40744 40744 40744 40744 40744 40744 40744 40744 40744 40744 40744 40744 40744 40744 40744 40744 40744 40744 40744 
54720 20372 55005 54577 55325 54340 54710 54196 54926 54371 54569 54733 54772 54829 55059 54841 54763 54682 54744 54938 54918 55111 54499 54781 55325 54920 54124 54606 54277 54461 54410 54456 54675 54361 54848 54568 54543 54548 55008 54369 55449 54153 54400 55111 54252 54658 54383 54935 55117 54362 54412 54718 55205 54592 54810 54247 54444 54525 54616 54905 54693 54765 54019 54977 40744 132409 40744 40744 40744 40744 40744 40744 40744 40744 40744 40744 40744 40744 40744 40744 40744 40744 40744 40744 40744 40744 40744 40744 40744 40744 40744 40744 40744 40744 40744 40744 40744 40744 40744 40744 40744 40744 40744 40744 40744 40744 40744 40744 40744 40744 40744 40744 40744 40744 40744 40744 40744 40744 40744 40744 40744 40744 40744 40744 40744 40744 40744 40744 40744 133989 40744 40744 40744 40744 40744 40744 40744 40744 40744 40744 40744 40744 40744 40744 40744 40744 40744 40744 40744 40744 40744 40744 40744 40744 40744 40744 40744 40744 40744 40744 40744 40744 40744 40744 40744 40744 40744 40744 40744 40744 40744 40744 40744 40744 40744 40744 40744 40744 40744 40744 40744 40744 40744 40744 40744 40744 40744 40744 40744 40744 40744 40744 40744 143297 40744 40744 40744 40744 40744 40744 40744 40744 40744 40744 40744 40744 40744 40744 40744 40744 40744 40744 40744 40744 40744 40744 40744 40744 40744 40744 40744 40744 40744 40744 40744 40744 40744 40744 40744 40744 40744 40744 40744 40744 40744 40744 40744 40744 40744 40744 40744 40744 40744 40744 40744 40744 40744 40744 40744 40744 40744 40744 40744 40744 40744 40744 
54996 55005 20372 54561 55245 54273 54540 54174 54640 54691 54713 54869 55498 54519 55540 55074 54713 54758 54893 55330 54823 54611 54905 54739 55202 54920 54730 55293 54543 54380 54405 54655 54772 54773 54927 54830 54360 54903 54621 54366 55343 54368 54392 55809 54509 54505 54425 54969 55257 54169 54345 54674 55540 54757 55109 54472 54615 54428 54921 54851 54392 54670 55020 55150 40744 40744 138243 40744 40744 40744 40744 40744 40744 40744 40744 40744 40744 40744 40744 40744 40744 40744 40744 40744 40744 40744 40744 40744 40744 40744 40744 40744 40744 40744 40744 40744 40744 40744 40744 40744 40744 40744 40744 40744 40744 40744 40744 40744 40744 40744 40744 40744 40744 40744 40744 40744 40744 40744 40744 40744 40744 40744 40744 40744 40744 40744 40744 40744 40744 40744 137817 40744 40744 40744 40744 40744 40744 40744 40744 40744 40744 40744 40744 40744 40744 40744 40744 40744 40744 40744 40744 40744 40744 40744 40744 40744 40744 40744 40744 40744 40744 40744 40744 40744 40744 40744 40744 40744 40744 40744 40744 40744 40744 40744 40744 40744 40744 40744 40744 40744 40744 40744 40744 40744 40744 40744 40744 40744 40744 40744 40744 40744 40744 40744 141476 40744 40744 40744 40744 40744 40744 40744 40744 40744 40744 40744 40744 40744 40744 40744 40744 40744 40744 40744 40744 40744 40744 40744 40744 40744 40744 40744 40744 40744 40744 40744 40744 40744 40744 40744 40744 40744 40744 40744 40744 40744 40744 40744 40744 40744 40744 40744 40744 40744 40744 40744 40744 40744 40744 40744 40744 40744 40744 40744 40744 40744 
54595 54577 54561 20372 54844 54193 54604 54017 54181 54155 54151 54193 54581 54091 54175 54694 54320 54351 54651 54344 54091 54544 54100 54109 54673 54720 53952 54962 54660 54553 53911 54398 54177 54445 54611 54647 54239 54538 54898 54433 54746 54275 54348 54496 54625 54334 54117 54551 54573 54705 54496 54163 55294 54222 54080 53982 54351 54456 54343 54404 54457 54379 54279 54865 40744 40744 40744 126703 40744 40744 40744 40744 40744 40744 40744 40744 40744 40744 40744 40744 40744 40744 40744 40744 40744 40744 40744 40744 40744 40744 40744 40744 40744 40744 40744 40744 40744 40744 40744 40744 40744 40744 40744 40744 40744 40744 40744 40744 40744 40744 40744 40744 40744 40744 40744 40744 40744 40744 40744 40744 40744 40744 40744 40744 40744 40744 40744 40744 40744 40744 40744 131552 40744 40744 40744 40744 40744 40744 40744 40744 40744 40744 40744 40744 40744 40744 40744 40744 40744 40744 40744 40744 40744 40744 40744 40744 40744 40744 40744 40744 40744 40744 40744 40744 40744 40744 40744 40744 40744 40744 40744 40744 40744 40744 40744 40744 40744 40744 40744 40744 40744 40744 40744 40744 40744 40744 40744 40744 40744 40744 40744 40744 40744 40744 40744 136063 40744 40744 40744 40744 40744 40744 40744 40744 40744 40744 40744 40744 40744 40744 40744 40744 40744 40744 40744 40744 40744 40744 40744 40744 40744 40744 40744 40744 40744 40744 40744 40744 40744 40744 40744 40744 40744 40744 40744 40744 40744 40744 40744 40744 40744 40744 40744 40744 40744 40744 40744 40744 40744 40744 40744 40744 40744 40744 40744 40744 
55364 55325 55245 54844 20372 54909 54667 54662 55420 54808 55149 55045 55565 55169 54893 55707 55064 54885 54962 55301 54816 54970 54964 54914 55294 55522 54969 55252 55081 54693 54581 54978 55272 54963 55220 55205 54424 55044 55554 54513 55470 54944 55137 55464 54574 54764 54550 55380 54925 55099 54913 54860 55636 55048 55218 54628 55482 54987 54901 55141 54941 54552 54447 55328 40744 40744 40744 40744 144620 40744 40744 40744 40744 40744 40744 40744 40744 40744 40744 40744 40744 40744 40744 40744 40744 40744 40744 40744 40744 40744 40744 40744 40744 40744 40744 40744 40744 40744 40744 40744 40744 40744 40744 40744 40744 40744 40744 40744 40744 40744 40744 40744 40744 40744 40744 40744 40744 40744 40744 40744 40744 40744 40744 40744 40744 40744 40744 40744 40744 40744 40744 40744 144729 40744 40744 40744 40744 40744 40744 40744 40744 40744 40744 40744 40744 40744 40744 40744 40744 40744 40744 40744 40744 40744 40744 40744 40744 40744 40744 40744 40744 40744 40744 40744 40744 40744 40744 40744 40744 40744 40744 40744 40744 40744 40744 40744 40744 40744 40744 40744 40744 40744 40744 40744 40744 40744 40744 40744 40744 40744 40744 40744 40744 40744 40744 40744 151248 40744 40744 40744 40744 40744 40744 40744 40744 40744 40744 40744 40744 40744 40744 40744 40744 40744 40744 40744 40744 40744 40744 40744 40744 40744 40744 40744 40744 40744 40744 40744 40744 40744 40744 40744 40744 40744 40744 40744 40744 40744 40744 40744 40744 40744 40744 40744 40744 40744 40744 40744 40744 40744 40744 40744 40744 40744 40744 40744 
54316 54340 54273 54193 54909 20372 54077 54909 54487 54339 54408 54684 54407 54288 54852 54441 54105 54263 54480 54471 54001 54213 54467 54290 54311 54648 54422 54337 54344 54134 53969 54365 54240 54324 54147 54135 54228 54216 54187 54530 54597 54185 54388 55087 53975 54323 54037 54118 54777 54768 54004 54117 54730 54379 55224 54320 54007 53974 53889 54070 53773 54109 53797 54637 40744 40744 40744 40744 40744 131501 40744 40744 40744 40744 40744 40744 40744 40744 40744 40744 40744 40744 40744 40744 40744 40744 40744 40744 40744 40744 40744 40744 40744 40744 40744 40744 40744 40744 40744 40744 40744 40744 40744 40744 40744 40744 40744 40744 40744 40744 40744 40744 40744 40744 40744 40744 40744 40744 40744 40744 40744 40744 40744 40744 40744 40744 40744 40744 40744 40744 40744 40744 40744 141459 40744 40744 40744 40744 40744 40744 40744 40744 40744 40744 40744 40744 40744 40744 40744 40744 40744 40744 40744 40744 40744 40744 40744 40744 40744 40744 40744 40744 40744 40744 40744 40744 40744 40744 40744 40744 40744 40744 40744 40744 40744 40744 40744 40744 40744 40744 40744 40744 40744 40744 40744 40744 40744 40744 40744 40744 40744 40744 40744 40744 40744 40744 40744 132221 40744 40744 40744 40744 40744 40744 40744 40744 40744 40744 40744 40744 40744 40744 40744 40744 40744 40744 40744 40744 40744 40744 40744 40744 40744 40744 40744 40744 40744 40744 40744 40744 40744 40744 40744 40744 40744 40744 40744 40744 40744 40744 40744 40744 40744 40744 40744 40744 40744 40744 40744 40744 40744 40744 40744 40744 40744 40744 
54883 54710 54540 54604 54667 54077 20372 54237 54709 54728 54418 54660 54624 54552 54599 54686 54469 54147 54471 54576 54256 54441 54470 54162 54524 55138 54712 54426 55036 54342 54190 54604 54290 54092 54063 54328 54148 54040 54758 54054 54871 53875 54192 54465 53952 54565 53967 54552 54598 54633 53911 54398 54631 53776 54303 54397 54490 54292 54268 54336 54341 54387 54467 54541 40744 40744 40744 40744 40744 40744 140364 40744 40744 40744 40744 40744 40744 40744 40744 40744 40744 40744 40744 40744 40744 40744 40744 40744 40744 40744 40744 40744 40744 40744 40744 40744 40744 40744 40744 40744 40744 40744 40744 40744 40744 40744 40744 40744 40744 40744 40744 40744 40744 40744 40744 40744 40744 40744 40744 40744 40744 40744 40744 40744 40744 40744 40744 40744 40744 40744 40744 40744 40744 40744 134153 40744 40744 40744 40744 40744 40744 40744 40744 40744 40744 40744 40744 40744 40744 40744 40744 40744 40744 40744 40744 40744 40744 40744 40744 40744 40744 40744 40744 40744 40744 40744 40744 40744 40744 40744 40744 40744 40744 40744 40744 40744 40744 40744 40744 40744 40744 40744 40744 40744 40744 40744 40744 40744 40744 40744 40744 40744 40744 40744 40744 40744 40744 40744 136907 40744 40744 40744 40744 40744 40744 40744 40744 40744 40744 40744 40744 40744 40744 40744 40744 40744 40744 40744 40744 40744 40744 40744 40744 40744 40744 40744 40744 40744 40744 40744 40744 40744 40744 40744 40744 40744 40744 40744 40744 40744 40744 40744 40744 40744 40744 40744 40744 40744 40744 40744 40744 40744 40744 40744 40744 40744 
54198 54196 54174 54017 54662 54909 54237 20372 54306 53729 54251 54253 54050 54163 54415 54568 54082 54057 53996 53997 54102 53958 54441 54290 54574 54746 54359 54211 54428 53939 53847 54402 54096 54427 53921 53956 54032 54235 54025 53882 53907 53956 54747 54430 54135 54485 53703 54324 54090 54128 54056 53516 54670 53898 53831 53955 54023 53808 54349 54084 54154 54080 53860 54466 40744 40744 40744 40744 40744 40744 40744 126891 40744 40744 40744 40744 40744 40744 40744 40744 40744 40744 40744 40744 40744 40744 40744 40744 40744 40744 40744 40744 40744 40744 40744 40744 40744 40744 40744 40744 40744 40744 40744 40744 40744 40744 40744 40744 40744 40744 40744 40744 40744 40744 40744 40744 40744 40744 40744 40744 40744 40744 40744 40744 40744 40744 40744 40744 40744 40744 40744 40744 40744 40744 40744 128363 40744 40744 40744 40744 40744 40744 40744 40744 40744 40744 40744 40744 40744 40744 40744 40744 40744 40744 40744 40744 40744 40744 40744 40744 40744 40744 40744 40744 40744 40744 40744 40744 40744 40744 40744 40744 40744 40744 40744 40744 40744 40744 40744 40744 40744 40744 40744 40744 40744 40744 40744 40744 40744 40744 40744 40744 40744 40744 40744 40744 40744 40744 40744 134432 40744 40744 40744 40744 40744 40744 40744 40744 40744 40744 40744 40744 40744 40744 40744 40744 40744 40744 40744 40744 40744 40744 40744 40744 40744 40744 40744 40744 40744 40744 40744 40744 40744 40744 40744 40744 40744 40744 40744 40744 40744 40744 40744 40744 40744 40744 40744 40744 40744 40744 40744 40744 40744 40744 40744 40744 
54969 54926 54640 54181 55420 54487 54709 54306 20372 54717 54597 54742 55027 54553 54976 55115 54385 54396 55004 55242 54211 54759 54721 54937 54889 55412 54433 54645 54786 54900 54249 54460 54697 54564 54927 54710 54364 55068 54461 54266 55065 54906 54571 54971 54222 54716 54535 55119 54793 55065 54421 54578 55303 54510 54650 54447 55364 54592 55244 54726 54602 54589 54643 54859 40744 40744 40744 40744 40744 40744 40744 40744 131971 40744 40744 40744 40744 40744 40744 40744 40744 40744 40744 40744 40744 40744 40744 40744 40744 40744 40744 40744 40744 40744 40744 40744 40744 40744 40744 40744 40744 40744 40744 40744 40744 40744 40744 40744 40744 40744 40744 40744 40744 40744 40744 40744 40744 40744 40744 40744 40744 40744 40744 40744 40744 40744 40744 40744 40744 40744 40744 40744 40744 40744 40744 40744 135817 40744 40744 40744 40744 40744 40744 40744 40744 40744 40744 40744 40744 40744 40744 40744 40744 40744 40744 40744 40744 40744 40744 40744 40744 40744 40744 40744 40744 40744 40744 40744 40744 40744 40744 40744 40744 40744 40744 40744 40744 40744 40744 40744 40744 40744 40744 40744 40744 40744 40744 40744 40744 40744 40744 40744 40744 40744 40744 40744 40744 40744 40744 40744 136846 40744 40744 40744 40744 40744 40744 40744 40744 40744 40744 40744 40744 40744 40744 40744 40744 40744 40744 40744 40744 40744 40744 40744 40744 40744 40744 40744 40744 40744 40744 40744 40744 40744 40744 40744 40744 40744 40744 40744 40744 40744 40744 40744 40744 40744 40744 40744 40744 40744 40744 40744 40744 40744 40744 40744 
54510 54371 54691 54155 54808 54339 54728 53729 54717 20372 54165 54130 54627 53979 54322 54777 53987 53846 54346 53962 54408 53987 54626 54016 54415 54672 54617 54364 54676 54227 54030 53896 53994 54270 54390 54534 53891 54401 54255 53718 54358 53886 53910 54536 54070 54393 53934 54524 54179 54234 54126 53833 54136 53825 54475 53985 54251 54015 54050 54236 54116 54492 54016 54501 40744 40744 40744 40744 40744 40744 40744 40744 40744 117101 40744 40744 40744 40744 40744 40744 40744 40744 40744 40744 40744 40744 40744 40744 40744 40744 40744 40744 40744 40744 40744 40744 40744 40744 40744 40744 40744 40744 40744 40744 40744 40744 40744 40744 40744 40744 40744 40744 40744 40744 40744 40744 40744 40744 40744 40744 40744 40744 40744 40744 40744 40744 40744 40744 40744 40744 40744 40744 40744 40744 40744 40744 40744 122785 40744 40744 40744 40744 40744 40744 40744 40744 40744 40744 40744 40744 40744 40744 40744 40744 40744 40744 40744 40744 40744 40744 40744 40744 40744 40744 40744 40744 40744 40744 40744 40744 40744 40744 40744 40744 40744 40744 40744 40744 40744 40744 40744 40744 40744 40744 40744 40744 40744 40744 40744 40744 40744 40744 40744 40744 40744 40744 40744 40744 40744 40744 40744 131298 40744 40744 40744 40744 40744 40744 40744 40744 40744 40744 40744 40744 40744 40744 40744 40744 40744 40744 40744 40744 40744 40744 40744 40744 40744 40744 40744 40744 40744 40744 40744 40744 40744 40744 40744 40744 40744 40744 40744 40744 40744 40744 40744 40744 40744 40744 40744 40744 40744 40744 40744 40744 40744 40744 
54965 54569 54713 54151 55149 54408 54418 54251 54597 54165 20372 54603 54862 54496 54659 54223 54474 54458 54450 55023 54606 54405 54619 54764 54697 54452 54013 54778 54225 54719 54039 54302 54210 53848 55026 54630 53676 54826 54237 54583 54492 53893 54186 54649 54055 54658 54113 54869 55290 54472 54012 54332 54919 54289 54511 54254 54688 54713 54241 54559 54711 54719 54242 54541 40744 40744 40744 40744 40744 40744 40744 40744 40744 40744 123247 40744 40744 40744 40744 40744 40744 40744 40744 40744 40744 40744 40744 40744 40744 40744 40744 40744 40744 40744 40744 40744 40744 40744 40744 40744 40744 40744 40744 40744 40744 40744 40744 40744 40744 40744 40744 40744 40744 40744 40744 40744 40744 40744 40744 40744 40744 40744 40744 40744 40744 40744 40744 40744 40744 40744 40744 40744 40744 40744 40744 40744 40744 40744 126765 40744 40744 40744 40744 40744 40744 40744 40744 40744 40744 40744 40744 40744 40744 40744 40744 40744 40744 40744 40744 40744 40744 40744 40744 40744 40744 40744 40744 40744 40744 40744 40744 40744 40744 40744 40744 40744 40744 40744 40744 40744 40744 40744 40744 40744 40744 40744 40744 40744 40744 40744 40744 40744 40744 40744 40744 40744 40744 40744 40744 40744 40744 40744 133422 40744 40744 40744 40744 40744 40744 40744 40744 40744 40744 40744 40744 40744 40744 40744 40744 40744 40744 40744 40744 40744 40744 40744 40744 40744 40744 40744 40744 40744 40744 40744 40744 40744 40744 40744 40744 40744 40744 40744 40744 40744 40744 40744 40744 40744 40744 40744 40744 40744 40744 40744 40744 40744 
54924 54733 54869 54193 55045 54684 54660 54253 54742 54130 54603 20372 55170 54473 54630 54717 53734 54410 54517 54602 54706 54226 54085 54354 54899 54849 53951 54487 54705 54433 54144 54053 54044 54460 54242 54085 54211 54609 54621 54303 54681 54340 54427 55075 53797 54477 54263 54829 54762 54363 54067 54319 54768 54583 54513 54210 54329 54329 54042 54706 54455 54938 54098 54999 40744 40744 40744 40744 40744 40744 40744 40744 40744 40744 40744 124195 40744 40744 40744 40744 40744 40744 40744 40744 40744 40744 40744 40744 40744 40744 40744 40744 40744 40744 40744 40744 40744 40744 40744 40744 40744 40744 40744 40744 40744 40744 40744 40744 40744 40744 40744 40744 40744 40744 40744 40744 40744 40744 40744 40744 40744 40744 40744 40744 40744 40744 40744 40744 40744 40744 40744 40744 40744 40744 40744 40744 40744 40744 40744 132025 40744 40744 40744 40744 40744 40744 40744 40744 40744 40744 40744 40744 40744 40744 40744 40744 40744 40744 40744 40744 40744 40744 40744 40744 40744 40744 40744 40744 40744 40744 40744 40744 40744 40744 40744 40744 40744 40744 40744 40744 40744 40744 40744 40744 40744 40744 40744 40744 40744 40744 40744 40744 40744 40744 40744 40744 40744 40744 40744 40744 40744 40744 40744 128350 40744 40744 40744 40744 40744 40744 40744 40744 40744 40744 40744 40744 40744 40744 40744 40744 40744 40744 40744 40744 40744 40744 40744 40744 40744 40744 40744 40744 40744 40744 40744 40744 40744 40744 40744 40744 40744 40744 40744 40744 40744 40744 40744 40744 40744 40744 40744 40744 40744 40744 40744 40744 
54848 54772 55498 54581 55565 54407 54624 54050 55027 54627 54862 55170 20372 55030 55207 54707 54495 54714 54662 54941 54628 54479 54691 54737 54965 55003 54294 54710 54638 55097 54632 54737 54722 54727 54640 54666 54409 55095 54564 54470 55106 54203 54476 54828 54275 54644 54099 54961 54714 54676 55006 54801 55197 54575 54691 54109 54580 54831 54608 54703 54734 54772 54997 54956 40744 40744 40744 40744 40744 40744 40744 40744 40744 40744 40744 40744 123337 40744 40744 40744 40744 40744 40744 40744 40744 40744 40744 40744 40744 40744 40744 40744 40744 40744 40744 40744 40744 40744 40744 40744 40744 40744 40744 40744 40744 40744 40744 40744 40744 40744 40744 40744 40744 40744 40744 40744 40744 40744 40744 40744 40744 40744 40744 40744 40744 40744 40744 40744 40744 40744 40744 40744 40744 40744 40744 40744 40744 40744 40744 40744 128122 40744 40744 40744 40744 40744 40744 40744 40744 40744 40744 40744 40744 40744 40744 40744 40744 40744 40744 40744 40744 40744 40744 40744 40744 40744 40744 40744 40744 40744 40744 40744 40744 40744 40744 40744 40744 40744 40744 40744 40744 40744 40744 40744 40744 40744 40744 40744 40744 40744 40744 40744 40744 40744 40744 40744 40744 40744 40744 40744 40744 40744 40744 40744 128699 40744 40744 40744 40744 40744 40744 40744 40744 40744 40744 40744 40744 40744 40744 40744 40744 40744 40744 40744 40744 40744 40744 40744 40744 40744 40744 40744 40744 40744 40744 40744 40744 40744 40744 40744 40744 40744 40744 40744 40744 40744 40744 40744 40744 40744 40744 40744 40744 40744 40744 40744 
54804 54829 54519 54091 55169 54288 54552 54163 54553 53979 54496 54473 55030 20372 54573 54853 54221 54488 54327 54433 54383 54174 54291 54484 54461 55206 54210 54452 54545 54457 54377 54519 54922 54301 54329 54660 53663 54208 54337 54172 54808 54328 54606 54585 54006 54526 54136 55037 55005 54256 54681 54727 54711 54705 54762 54285 54905 54460 54265 54607 54429 54958 54568 54510 40744 40744 40744 40744 40744 40744 40744 40744 40744 40744 40744 40744 40744 120654 40744 40744 40744 40744 40744 40744 40744 40744 40744 40744 40744 40744 40744 40744 40744 40744 40744 40744 40744 40744 40744 40744 40744 40744 40744 40744 40744 40744 40744 40744 40744 40744 40744 40744 40744 40744 40744 40744 40744 40744 40744 40744 40744 40744 40744 40744 40744 40744 40744 40744 40744 40744 40744 40744 40744 40744 40744 40744 40744 40744 40744 40744 40744 125484 40744 40744 40744 40744 40744 40744 40744 40744 40744 40744 40744 40744 40744 40744 40744 40744 40744 40744 40744 40744 40744 40744 40744 40744 40744 40744 40744 40744 40744 40744 40744 40744 40744 40744 40744 40744 40744 40744 40744 40744 40744 40744 40744 40744 40744 40744 40744 40744 40744 40744 40744 40744 40744 40744 40744 40744 40744 40744 40744 40744 40744 40744 40744 124426 40744 40744 40744 40744 40744 40744 40744 40744 40744 40744 40744 40744 40744 40744 40744 40744 40744 40744 40744 40744 40744 40744 40744 40744 40744 40744 40744 40744 40744 40744 40744 40744 40744 40744 40744 40744 40744 40744 40744 40744 40744 40744 40744 40744 40744 40744 40744 40744 40744 40744 
54793 55059 55540 54175 54893 54852 54599 54415 54976 54322 54659 54630 55207 54573 20372 54825 54477 54402 55031 54843 54592 54041 54202 54793 55191 54588 54641 55009 54894 54763 54996 54413 54681 54463 54207 54360 54116 54471 54441 54338 55055 54091 54475 54914 54475 54645 54097 54851 54643 54595 54334 54468 54930 54530 54858 54613 54966 54648 54001 54826 55104 54860 54393 54861 40744 40744 40744 40744 40744 40744 40744 40744 40744 40744 40744 40744 40744 40744 116639 40744 40744 40744 40744 40744 40744 40744 40744 40744 40744 40744 40744 40744 40744 40744 40744 40744 40744 40744 40744 40744 40744 40744 40744 40744 40744 40744 40744 40744 40744 40744 40744 40744 40744 40744 40744 40744 40744 40744 40744 40744 40744 40744 40744 40744 40744 40744 40744 40744 40744 40744 40744 40744 40744 40744 40744 40744 40744 40744 40744 40744 40744 40744 124416 40744 40744 40744 40744 40744 40744 40744 40744 40744 40744 40744 40744 40744 40744 40744 40744 40744 40744 40744 40744 40744 40744 40744 40744 40744 40744 40744 40744 40744 40744 40744 40744 40744 40744 40744 40744 40744 40744 40744 40744 40744 40744 40744 40744 40744 40744 40744 40744 40744 40744 40744 40744 40744 40744 40744 40744 40744 40744 40744 40744 40744 40744 40744 135959 40744 40744 40744 40744 40744 40744 40744 40744 40744 40744 40744 40744 40744 40744 40744 40744 40744 40744 40744 40744 40744 40744 40744 40744 40744 40744 40744 40744 40744 40744 40744 40744 40744 40744 40744 40744 40744 40744 40744 40744 40744 40744 40744 40744 40744 40744 40744 40744 40744 
54860 54841 55074 54694 55707 54441 54686 54568 55115 54777 54223 54717 54707 54853 54825 20372 54513 54529 54732 54528 54511 54361 54714 54430 54786 54881 54508 54696 54588 54614 54035 54703 54976 55086 55008 54903 54846 54566 54436 54286 55363 54352 54201 54980 54567 55056 54370 55070 54874 54809 54302 54424 55408 54761 54635 54036 54709 54380 54295 55126 54682 54852 54023 54803 40744 40744 40744 40744 40744 40744 40744 40744 40744 40744 40744 40744 40744 40744 40744 121952 40744 40744 40744 40744 40744 40744 40744 40744 40744 40744 40744 40744 40744 40744 40744 40744 40744 40744 40744 40744 40744 40744 40744 40744 40744 40744 40744 40744 40744 40744 40744 40744 40744 40744 40744 40744 40744 40744 40744 40744 40744 40744 40744 40744 40744 40744 40744 40744 40744 40744 40744 40744 40744 40744 40744 40744 40744 40744 40744 40744 40744 40744 40744 124153 40744 40744 40744 40744 40744 40744 40744 40744 40744 40744 40744 40744 40744 40744 40744 40744 40744 40744 40744 40744 40744 40744 40744 40744 40744 40744 40744 40744 40744 40744 40744 40744 40744 40744 40744 40744 40744 40744 40744 40744 40744 40744 40744 40744 40744 40744 40744 40744 40744 40744 40744 40744 40744 40744 40744 40744 40744 40744 40744 40744 40744 40744 40744 131002 40744 40744 40744 40744 40744 40744 40744 40744 40744 40744 40744 40744 40744 40744 40744 40744 40744 40744 40744 40744 40744 40744 40744 40744 40744 40744 40744 40744 40744 40744 40744 40744 40744 40744 40744 40744 40744 40744 40744 40744 40744 40744 40744 40744 40744 40744 40744 40744 
54519 54763 54713 54320 55064 54105 54469 54082 54385 53987 54474 53734 54495 54221 54477 54513 20372 54166 54694 54173 54288 53791 54050 54312 54817 54332 54079 54462 54633 54209 53806 54428 54098 54085 54273 54507 54147 54160 54338 53973 54408 54136 54725 54735 53793 54178 53909 54483 54323 53908 54017 54111 54692 54217 53875 53833 54454 54185 54416 54015 54191 54619 54210 55208 40744 40744 40744 40744 40744 40744 40744 40744 40744 40744 40744 40744 40744 40744 40744 40744 124897 40744 40744 40744 40744 40744 40744 40744 40744 40744 40744 40744 40744 40744 40744 40744 40744 40744 40744 40744 40744 40744 40744 40744 40744 40744 40744 40744 40744 40744 40744 40744 40744 40744 40744 40744 40744 40744 40744 40744 40744 40744 40744 40744 40744 40744 40744 40744 40744 40744 40744 40744 40744 40744 40744 40744 40744 40744 40744 40744 40744 40744 40744 40744 134097 40744 40744 40744 40744 40744 40744 40744 40744 40744 40744 40744 40744 40744 40744 40744 40744 40744 40744 40744 40744 40744 40744 40744 40744 40744 40744 40744 40744 40744 40744 40744 40744 40744 40744 40744 40744 40744 40744 40744 40744 40744 40744 40744 40744 40744 40744 40744 40744 40744 40744 40744 40744 40744 40744 40744 40744 40744 40744 40744 40744 40744 40744 40744 125939 40744 40744 40744 40744 40744 40744 40744 40744 40744 40744 40744 40744 40744 40744 40744 40744 40744 40744 40744 40744 40744 40744 40744 40744 40744 40744 40744 40744 40744 40744 40744 40744 40744 40744 40744 40744 40744 40744 40744 40744 40744 40744 40744 40744 40744 40744 40744 
54861 54682 54758 54351 54885 54263 54147 54057 54396 53846 54458 54410 54714 54488 54402 54529 54166 20372 54869 54221 54268 54252 54091 54351 54725 54920 54057 54492 54769 54070 54294 54578 54140 54497 54287 54679 54668 54221 54725 54071 54625 54573 54565 54604 53997 54782 54155 54381 54259 54068 53869 53975 55054 53771 54044 54075 54555 54279 54290 54596 54143 54391 54029 54407 40744 40744 40744 40744 40744 40744 40744 40744 40744 40744 40744 40744 40744 40744 40744 40744 40744 126862 40744 40744 40744 40744 40744 40744 40744 40744 40744 40744 40744 40744 40744 40744 40744 40744 40744 40744 40744 40744 40744 40744 40744 40744 40744 40744 40744 40744 40744 40744 40744 40744 40744 40744 40744 40744 40744 40744 40744 40744 40744 40744 40744 40744 40744 40744 40744 40744 40744 40744 40744 40744 40744 40744 40744 40744 40744 40744 40744 40744 40744 40744 40744 132418 40744 40744 40744 40744 40744 40744 40744 40744 40744 40744 40744 40744 40744 40744 40744 40744 40744 40744 40744 40744 40744 40744 40744 40744 40744 40744 40744 40744 40744 40744 40744 40744 40744 40744 40744 40744 40744 40744 40744 40744 40744 40744 40744 40744 40744 40744 40744 40744 40744 40744 40744 40744 40744 40744 40744 40744 40744 40744 40744 40744 40744 40744 40744 129899 40744 40744 40744 40744 40744 40744 40744 40744 40744 40744 40744 40744 40744 40744 40744 40744 40744 40744 40744 40744 40744 40744 40744 40744 40744 40744 40744 40744 40744 40744 40744 40744 40744 40744 40744 40744 40744 40744 40744 40744 40744 40744 40744 40744 40744 40744 
54617 54744 54893 54651 54962 54480 54471 53996 55004 54346 54450 54517 54662 54327 55031 54732 54694 54869 20372 55041 54734 54688 54671 54671 55234 55305 55475 55088 54843 54472 54242 55148 54929 54617 54842 54706 54262 54929 54609 54317 54802 54263 54356 54968 54013 54616 54355 54664 54425 54956 54237 54058 55152 54476 54534 54272 54687 54691 54445 54273 55035 54450 54261 55155 40744 40744 40744 40744 40744 40744 40744 40744 40744 40744 40744 40744 40744 40744 40744 40744 40744 40744 123797 40744 40744 40744 40744 40744 40744 40744 40744 40744 40744 40744 40744 40744 40744 40744 40744 40744 40744 40744 40744 40744 40744 40744 40744 40744 40744 40744 40744 40744 40744 40744 40744 40744 40744 40744 40744 40744 40744 40744 40744 40744 40744 40744 40744 40744 40744 40744 40744 40744 40744 40744 40744 40744 40744 40744 40744 40744 40744 40744 40744 40744 40744 40744 144390 40744 40744 40744 40744 40744 40744 40744 40744 40744 40744 40744 40744 40744 40744 40744 40744 40744 40744 40744 40744 40744 40744 40744 40744 40744 40744 40744 40744 40744 40744 40744 40744 40744 40744 40744 40744 40744 40744 40744 40744 40744 40744 40744 40744 40744 40744 40744 40744 40744 40744 40744 40744 40744 40744 40744 40744 40744 40744 40744 40744 40744 40744 40744 128805 40744 40744 40744 40744 40744 40744 40744 40744 40744 40744 40744 40744 40744 40744 40744 40744 40744 40744 40744 40744 40744 40744 40744 40744 40744 40744 40744 40744 40744 40744 40744 40744 40744 40744 40744 40744 40744 40744 40744 40744 40744 40744 40744 40744 40744 
54896 54938 55330 54344 55301 54471 54576 53997 55242 53962 55023 54602 54941 54433 54843 54528 54173 54221 55041 20372 54878 54350 54687 54840 54850 54604 54247 54624 54951 54500 54427 54703 54726 54270 54728 54811 54069 54940 54194 54256 54866 54126 54417 54903 54298 54656 54218 54729 55028 54570 54039 54390 54925 54633 54610 54475 54581 54332 54637 54518 54718 54758 54405 54988 40744 40744 40744 40744 40744 40744 40744 40744 40744 40744 40744 40744 40744 40744 40744 40744 40744 40744 40744 131732 40744 40744 40744 40744 40744 40744 40744 40744 40744 40744 40744 40744 40744 40744 40744 40744 40744 40744 40744 40744 40744 40744 40744 40744 40744 40744 40744 40744 40744 40744 40744 40744 40744 40744 40744 40744 40744 40744 40744 40744 40744 40744 40744 40744 40744 40744 40744 40744 40744 40744 40744 40744 40744 40744 40744 40744 40744 40744 40744 40744 40744 40744 40744 133672 40744 40744 40744 40744 40744 40744 40744 40744 40744 40744 40744 40744 40744 40744 40744 40744 40744 40744 40744 40744 40744 40744 40744 40744 40744 40744 40744 40744 40744 40744 40744 40744 40744 40744 40744 40744 40744 40744 40744 40744 40744 40744 40744 40744 40744 40744 40744 40744 40744 40744 40744 40744 40744 40744 40744 40744 40744 40744 40744 40744 40744 40744 40744 135735 40744 40744 40744 40744 40744 40744 40744 40744 40744 40744 40744 40744 40744 40744 40744 40744 40744 40744 40744 40744 40744 40744 40744 40744 40744 40744 40744 40744 40744 40744 40744 40744 40744 40744 40744 40744 40744 40744 40744 40744 40744 40744 40744 40744 
54970 54918 54823 54091 54816 54001 54256 54102 54211 54408 54606 54706 54628 54383 54592 54511 54288 54268 54734 54878 20372 54342 54265 54349 54800 54638 54155 54441 54569 55079 54601 54657 54827 54022 54668 54434 54111 54750 54515 54358 54786 53976 54469 54701 53774 54160 54291 54619 54290 54406 54215 53999 54880 54208 54744 54321 54265 54382 54303 54364 54736 54380 54551 54941 40744 40744 40744 40744 40744 40744 40744 40744 40744 40744 40744 40744 40744 40744 40744 40744 40744 40744 40744 40744 126919 40744 40744 40744 40744 40744 40744 40744 40744 40744 40744 40744 40744 40744 40744 40744 40744 40744 40744 40744 40744 40744 40744 40744 40744 40744 40744 40744 40744 40744 40744 40744 40744 40744 40744 40744 40744 40744 40744 40744 40744 40744 40744 40744 40744 40744 40744 40744 40744 40744 40744 40744 40744 40744 40744 40744 40744 40744 40744 40744 40744 40744 40744 40744 130164 40744 40744 40744 40744 40744 40744 40744 40744 40744 40744 40744 40744 40744 40744 40744 40744 40744 40744 40744 40744 40744 40744 40744 40744 40744 40744 40744 40744 40744 40744 40744 40744 40744 40744 40744 40744 40744 40744 40744 40744 40744 40744 40744 40744 40744 40744 40744 40744 40744 40744 40744 40744 40744 40744 40744 40744 40744 40744 40744 40744 40744 40744 40744 134956 40744 40744 40744 40744 40744 40744 40744 40744 40744 40744 40744 40744 40744 40744 40744 40744 40744 40744 40744 40744 40744 40744 40744 40744 40744 40744 40744 40744 40744 40744 40744 40744 40744 40744 40744 40744 40744 40744 40744 40744 40744 40744 40744 
54965 55111 54611 54544 54970 54213 54441 53958 54759 53987 54405 54226 54479 54174 54041 54361 53791 54252 54688 54350 54342 20372 54203 54800 55015 54743 54290 55108 54769 54644 53971 53994 54487 54268 54641 54652 54760 54473 54667 54636 54896 54108 54478 54487 53935 54317 54299 54280 54601 54268 54683 54398 54737 53870 54274 54111 54466 54545 54420 54158 54347 54138 54251 54655 40744 40744 40744 40744 40744 40744 40744 40744 40744 40744 40744 40744 40744 40744 40744 40744 40744 40744 40744 40744 40744 130250 40744 40744 40744 40744 40744 40744 40744 40744 40744 40744 40744 40744 40744 40744 40744 40744 40744 40744 40744 40744 40744 40744 40744 40744 40744 40744 40744 40744 40744 40744 40744 40744 40744 40744 40744 40744 40744 40744 40744 40744 40744 40744 40744 40744 40744 40744 40744 40744 40744 40744 40744 40744 40744 40744 40744 40744 40744 40744 40744 40744 40744 40744 40744 127600 40744 40744 40744 40744 40744 40744 40744 40744 40744 40744 40744 40744 40744 40744 40744 40744 40744 40744 40744 40744 40744 40744 40744 40744 40744 40744 40744 40744 40744 40744 40744 40744 40744 40744 40744 40744 40744 40744 40744 40744 40744 40744 40744 40744 40744 40744 40744 40744 40744 40744 40744 40744 40744 40744 40744 40744 40744 40744 40744 40744 40744 40744 40744 132766 40744 40744 40744 40744 40744 40744 40744 40744 40744 40744 40744 40744 40744 40744 40744 40744 40744 40744 40744 40744 40744 40744 40744 40744 40744 40744 40744 40744 40744 40744 40744 40744 40744 40744 40744 40744 40744 40744 40744 40744 40744 40744 
54920 54499 54905 54100 54964 54467 54470 54441 54721 54626 54619 54085 54691 54291 54202 54714 54050 54091 54671 54687 54265 54203 20372 54877 54658 54794 54221 54287 54253 54756 54433 54459 54398 54180 53859 54158 54157 54451 54368 54027 54799 53876 54522 55010 54292 54706 53869 54383 54476 54178 54148 54440 54798 53664 54377 53748 54906 54349 54943 54531 54532 54208 54566 54700 40744 40744 40744 40744 40744 40744 40744 40744 40744 40744 40744 40744 40744 40744 40744 40744 40744 40744 40744 40744 40744 40744 123443 40744 40744 40744 40744 40744 40744 40744 40744 40744 40744 40744 40744 40744 40744 40744 40744 40744 40744 40744 40744 40744 40744 40744 40744 40744 40744 40744 40744 40744 40744 40744 40744 40744 40744 40744 40744 40744 40744 40744 40744 40744 40744 40744 40744 40744 40744 40744 40744 40744 40744 40744 40744 40744 40744 40744 40744 40744 40744 40744 40744 40744 40744 40744 133849 40744 40744 40744 40744 40744 40744 40744 40744 40744 40744 40744 40744 40744 40744 40744 40744 40744 40744 40744 40744 40744 40744 40744 40744 40744 40744 40744 40744 40744 40744 40744 40744 40744 40744 40744 40744 40744 40744 40744 40744 40744 40744 40744 40744 40744 40744 40744 40744 40744 40744 40744 40744 40744 40744 40744 40744 40744 40744 40744 40744 40744 40744 40744 131709 40744 40744 40744 40744 40744 40744 40744 40744 40744 40744 40744 40744 40744 40744 40744 40744 40744 40744 40744 40744 40744 40744 40744 40744 40744 40744 40744 40744 40744 40744 40744 40744 40744 40744 40744 40744 40744 40744 40744 40744 40744 
54650 54781 54739 54109 54914 54290 54162 54290 54937 54016 54764 54354 54737 54484 54793 54430 54312 54351 54671 54840 54349 54800 54877 20372 54806 54632 54422 54641 54266 54398 54224 54168 54309 54552 53806 54626 54320 54729 54131 54314 54626 53728 54254 54833 54019 54601 53999 55045 54433 54305 54249 54706 54544 54009 54315 53973 54424 54280 54385 54549 54472 54410 54344 54584 40744 40744 40744 40744 40744 40744 40744 40744 40744 40744 40744 40744 40744 40744 40744 40744 40744 40744 40744 40744 40744 40744 40744 122681 40744 40744 40744 40744 40744 40744 40744 40744 40744 40744 40744 40744 40744 40744 40744 40744 40744 40744 40744 40744 40744 40744 40744 40744 40744 40744 40744 40744 40744 40744 40744 40744 40744 40744 40744 40744 40744 40744 40744 40744 40744 40744 40744 40744 40744 40744 40744 40744 40744 40744 40744 40744 40744 40744 40744 40744 40744 40744 40744 40744 40744 40744 40744 125691 40744 40744 40744 40744 40744 40744 40744 40744 40744 40744 40744 40744 40744 40744 40744 40744 40744 40744 40744 40744 40744 40744 40744 40744 40744 40744 40744 40744 40744 40744 40744 40744 40744 40744 40744 40744 40744 40744 40744 40744 40744 40744 40744 40744 40744 40744 40744 40744 40744 40744 40744 40744 40744 40744 40744 40744 40744 40744 40744 40744 40744 40744 40744 137570 40744 40744 40744 40744 40744 40744 40744 40744 40744 40744 40744 40744 40744 40744 40744 40744 40744 40744 40744 40744 40744 40744 40744 40744 40744 40744 40744 40744 40744 40744 40744 40744 40744 40744 40744 40744 40744 40744 40744 40744 
54982 55325 55202 54673 55294 54311 54524 54574 54889 54415 54697 54899 54965 54461 55191 54786 54817 54725 55234 54850 54800 55015 54658 54806 20372 55041 55171 54943 54742 55048 54646 54566 54592 54431 54807 54725 54703 54916 55087 54612 54978 54417 55285 54840 54715 55037 54996 54920 55481 54662 54583 54837 55783 54727 55054 54461 54798 54515 54573 54988 54833 55053 54670 54978 40744 40744 40744 40744 40744 40744 40744 40744 40744 40744 40744 40744 40744 40744 40744 40744 40744 40744 40744 40744 40744 40744 40744 40744 135522 40744 40744 40744 40744 40744 40744 40744 40744 40744 40744 40744 40744 40744 40744 40744 40744 40744 40744 40744 40744 40744 40744 40744 40744 40744 40744 40744 40744 40744 40744 40744 40744 40744 40744 40744 40744 40744 40744 40744 40744 40744 40744 40744 40744 40744 40744 40744 40744 40744 40744 40744 40744 40744 40744 40744 40744 40744 40744 40744 40744 40744 40744 40744 134816 40744 40744 40744 40744 40744 40744 40744 40744 40744 40744 40744 40744 40744 40744 40744 40744 40744 40744 40744 40744 40744 40744 40744 40744 40744 40744 40744 40744 40744 40744 40744 40744 40744 40744 40744 40744 40744 40744 40744 40744 40744 40744 40744 40744 40744 40744 40744 40744 40744 40744 40744 40744 40744 40744 40744 40744 40744 40744 40744 40744 40744 40744 40744 137413 40744 40744 40744 40744 40744 40744 40744 40744 40744 40744 40744 40744 40744 40744 40744 40744 40744 40744 40744 40744 40744 40744 40744 40744 40744 40744 40744 40744 40744 40744 40744 40744 40744 40744 40744 40744 40744 40744 40744 
